24255		6
18332		3
14588		11
13014		6 11
10760		3 6
8028		1
6430		3 11
5759		3 6 11
5329		1 6
3652		1 11
3535		7
3507		218
3448		1 6 11
3424		1 3
3165		4
3101		6 218
2998		6 7
2899		27
2813		148
2642		55
2627		6 148
2457		11 218
2430		6 27
2422		6 11 218
2378		148 218
2342		1 3 6
2313		6 148 218
2292		7 11
2245		11 148
2236		6 7 11
2231		6 11 148
2044		11 148 218
2037		6 11 148 218
1955		64
1850		11 27
1814		4 6
1807		6 11 27
1771		77
1745		2
1627		6 64
1612		7 27
1610		3 7
1582		6 55
1576		1 3 11
1556		3 218
1529		6 77
1509		6 7 27
1498		1 3 6 11
1427		3 4
1384		3 6 218
1361		3 6 7
1359		138
1331		3 27
1326		294
1305		1 218
1261		11 64
1258		83
1234		7 11 27
1233		3 148
1231		6 11 64
1227		6 7 11 27
1225		1 6 218
1223		11 77
1207		6 11 77
1204		3 55
1175		2 6
1169		1 148
1158		3 6 148
1158		6 83
1127		1 6 148
1114		3 6 27
1114		6 138
1109		4 11
1108		3 11 218
1094		3 6 11 218
1090		316
1060		1 148 218
1058		3 7 11
1056		1 11 218
1052		1 6 11 218
1040		3 148 218
1037		1 6 148 218
1029		3 6 7 11
1021		1 11 148
1018		1 6 11 148
1014		3 6 148 218
1002		3 11 148
997		136
995		3 6 11 148
989		1 7
979		4 6 11
962		90
961		11 55
952		40
950		1 11 148 218
950		446
949		1 6 11 148 218
937		6 90
925		11 83
919		69
915		6 11 83
907		3 11 148 218
904		3 6 11 148 218
899		3 64
898		6 136
890		215
888		6 316
886		1 6 7
881		6 40
880		303
873		205
868		6 11 55
856		3 11 27
848		490
846		3 4 6
839		2 11
835		6 69
832		3 6 11 27
828		1 27
825		11 90
824		11 138
822		6 11 90
811		3 77
809		2 3
804		6 11 138
797		2 6 11
792		6 446
792		87
790		6 205
788		6 303
785		6 294
777		278
772		438
763		3 6 64
762		6 215
752		6 438
751		269
747		3 7 27
741		135
738		1 6 27
731		3 6 55
729		1 7 11
729		6 87
727		6 135
723		1 6 7 11
716		73
706		11 136
706		7 87
701		987
700		3 6 7 27
698		6 11 136
696		11 316
696		11 40
687		6 11 40
687		3 6 77
686		11 69
679		6 11 316
679		6 11 69
669		11 438
666		6 11 438
665		6 7 87
658		7 218
657		737
652		273
651		1 64
648		11 303
646		11 205
645		6 987
642		6 11 303
642		6 11 205
641		3 294
636		6 7 218
636		11 135
635		6 11 135
635		56
629		11 446
627		7 83
622		6 278
619		11 215
617		6 11 446
617		1 11 27
613		6 7 83
612		6 11 215
612		6 56
610		1 6 11 27
610		6 269
607		27 205
606		7 148
600		314
599		11 87
595		6 11 87
591		1 77
591		897
588		6 7 148
588		6 737
587		1 6 64
587		7 205
587		504
584		1 4
583		3 11 64
583		3 138
581		3 7 11 27
575		3 6 7 11 27
574		6 27 205
571		27 87
570		3 6 11 64
568		6 273
560		1 3 218
556		3 83
553		6 7 11 218
553		7 11 218
552		7 11 87
550		6 7 11 87
550		2 3 6
550		1 6 77
549		1 55
548		6 7 205
546		6 897
545		3 11 77
542		7 148 218
542		6 27 87
541		11 56
540		6 314
540		25
538		3 6 11 77
538		6 11 56
536		7 27 87
535		7 11 148
532		6 7 148 218
531		6 7 11 148
530		7 897
529		6 504
527		3 4 11
524		1 3 6 218
523		27 218
523		6 25
522		11 987
516		6 11 987
516		3 6 83
511		6 7 27 87
510		512
510		91
508		6 27 218
502		148 987
501		64 218
501		11 278
501		3 316
501		1 138
500		364
499		6 490
498		1 7 27
496		1 3 148
495		6 7 897
494		49
492		6 148 987
488		27 83
488		6 364
487		6 7 11 148 218
487		7 11 148 218
486		3 6 138
486		1 11 64
486		6 512
484		6 64 218
484		6 11 278
482		6 7 11 83
482		7 11 83
481		11 27 205
481		6 27 83
480		6 11 27 205
480		1 6 11 64
480		1 6 7 27
480		1 3 6 148
478		7 27 205
475		11 737
473		3 4 6 11
473		1 11 77
473		27 148
472		6 11 737
472		14
470		1 6 11 77
470		6 49
469		11 273
469		11 269
469		1 90
466		77 218
465		11 27 87
463		6 11 27 87
463		32
462		6 27 148
461		155
459		6 11 273
459		90 218
458		1 3 11 218
458		1 6 90
457		1 3 6 11 218
457		6 11 269
457		1 6 138
456		7 11 205
455		6 77 218
455		6 11 25
455		11 25
454		6 7 11 205
454		11 27 218
453		6 11 27 218
453		11 294
452		6 7 27 205
452		6 90 218
452		7 278
449		1 3 148 218
447		11 512
447		254
446		64 148
445		1 3 7
445		11 897
445		3 136
444		6 11 512
444		6 155
441		6 11 897
441		11 314
440		1 3 11 148
439		1 3 6 11 148
439		7 11 27 87
439		11 148 987
438		1 3 6 148 218
438		6 11 148 987
438		6 11 314
438		6 254
437		6 7 11 27 87
437		3 11 55
436		27 278
435		27 148 218
435		77 148
434		6 64 148
432		6 73
432		3 69
429		7 27 83
428		6 27 148 218
428		6 77 148
428		3 446
428		423
427		378
427		361
426		90 148
426		229
424		6 7 27 83
423		6 11 27 148
423		11 27 148
423		1 2
422		6 7 278
422		11 504
420		6 90 148
420		6 32
420		6 14
419		6 11 504
419		6 11 294
419		1 11 90
419		27 897
419		11 364
418		6 11 364
418		3 11 83
417		1 6 11 90
417		6 423
416		64 148 218
415		11 90 218
415		6 27 278
415		7 32
414		6 11 90 218
414		6 11 64 218
414		3 6 11 83
414		11 64 218
413		1 6 7 11 27
413		1 7 11 27
413		28
412		7 11 897
412		6 11 49
412		11 49
412		6 229
412		3 40
410		90 148 218
410		3 90
409		3 6 316
408		6 7 11 897
406		6 64 148 218
405		1 3 6 11 148 218
405		1 3 11 148 218
405		6 361
404		6 90 148 218
404		3 6 136
404		670
402		11 90 148
402		1 136
401		6 11 90 148
400		3 6 90
400		667
399		7 27 897
399		1 83
398		6 11 254
398		218 987
398		11 254
397		6 11 27 148 218
397		11 27 148 218
397		3 215
396		1 3 6 7
394		11 77 218
394		6 11 155
394		3 6 69
394		11 155
393		6 11 27 83
393		3 6 11 55
393		11 27 83
393		1 6 55
392		6 11 77 218
392		6 27 897
391		1 4 6
391		28 32
390		6 218 987
390		640
389		6 7 32
388		7 11 27 205
388		77 148 218
388		11 77 148
388		3 6 40
388		2 3 11
388		6 378
387		6 7 11 27 205
387		6 11 77 148
387		6 11 64 148
387		11 64 148
387		6 28
386		11 90 148 218
386		1 303
385		6 11 90 148 218
385		6 77 148 218
385		1 6 83
385		3 205
384		7 28
384		747
383		379
382		3 490
381		7 28 32
381		1 6 136
381		11 423
381		46
380		6 11 423
380		1 3 27
380		321
379		27 49
378		3 6 294
378		6 667
377		6 747
376		21
375		1 11 138
374		2 3 6 11
373		138 218
372		6 7 27 897
372		1 6 11 138
372		6 28 32
370		3 11 138
369		1 6 303
369		25 218
369		86
368		3 6 446
368		218 303
367		6 25 218
367		6 670
366		6 11 64 148 218
366		11 64 148 218
366		6 7 28
366		6 379
366		230
365		7 27 278
365		6 27 49
365		6 46
364		7 77
364		1 40
363		6 7 28 32
363		6 138 218
362		6 218 303
362		85
361		3 6 11 138
361		7 11 278
360		11 361
359		6 7 11 278
359		255
358		11 229
356		6 11 361
355		6 11 229
355		3 87
354		7 27 218
354		3 11 90
354		6 255
354		6 21
353		11 77 148 218
353		11 27 278
353		148 303
353		1644
352		6 11 77 148 218
352		6 11 27 278
352		3 6 11 90
352		6 7 77
352		3 303
351		218 255
351		6 85
350		6 7 27 278
350		916
350		644
349		1 6 40
349		6 640
349		6 321
349		1 446
349		1 438
348		6 148 303
348		3 6 205
348		7 85
347		6 7 27 218
347		148 218 987
347		6 218 255
347		1 6 438
346		11 32
346		6 230
344		259
343		6 11 32
343		6 7 85
343		3 6 215
343		25 148
343		6 86
342		6 7 11 27 83
342		7 11 27 83
342		6 25 148
341		6 148 218 987
341		1 2 6
341		3 278
340		3 438
339		25 148 218
339		6 1644
338		6 25 148 218
338		148 218 255
338		148 255
338		7 64
337		138 148
337		3 73
337		1 316
336		6 148 218 255
336		11 218 987
336		6 148 255
336		27 32
335		6 11 218 987
335		1 3 6 27
334		6 138 148
334		1 135
332		3 6 438
331		1 11 136
331		11 14
330		1 6 11 83
330		1 11 83
330		1 7 218
329		1 6 11 136
329		1 6 135
329		83 218
328		6 11 25 218
328		11 25 218
328		6 11 14
328		6 259
327		7 27 32
327		7 321
326		6 7 64
326		662
325		6 11 148 303
325		6 11 27 49
325		148 218 303
325		11 148 303
325		11 27 49
325		7 11 32
325		40 218
325		11 379
325		762
324		6 7 11 32
324		11 27 897
324		3 269
324		246
323		6 40 218
323		6 916
323		993
322		6 11 379
322		11 747
321		3 11 316
321		3 11 69
321		11 28
320		6 148 218 303
320		6 11 27 897
320		1 6 7 218
320		1 3 7 11
320		6 11 28
320		3 6 87
320		1 7 148
320		40 148
319		6 11 25 148
319		11 25 148
319		6 83 218
319		6 11 747
319		1 11 303
319		218 254
318		1 3 6 7 11
318		7 27 148
318		1 6 446
318		11 667
318		11 46
318		7 86
317		6 11 218 303
317		3 6 11 69
317		1 6 11 303
317		11 218 303
317		6 218 254
317		6 40 148
317		6 27 32
316		6 11 25 148 218
316		11 25 148 218
316		6 11 667
316		6 11 46
316		3 11 136
315		6 7 11 27 218
315		7 11 27 218
315		3 6 303
314		11 148 218 987
314		1 6 11 438
314		1 11 438
314		11 255
314		6 762
314		2 7
313		6 11 148 218 987
313		6 7 27 148
313		3 6 11 136
313		6 11 255
312		1 6 7 148
312		3 7 87
312		11 230
311		3 6 11 316
311		11 28 32
311		7 11 77
311		6 11 230
311		85 86
311		27 28
311		540
311		290
310		6 11 28 32
310		6 7 11 77
310		27 28 32
310		6 7 86
310		1 56
309		11 218 255
309		6 7 321
309		6 644
308		7 11 27 897
308		6 11 218 255
308		6 7 27 32
308		494
307		7 85 86
307		3 11 40
307		1 11 40
307		148 254
307		1 987
306		11 148 218 255
306		11 148 255
306		6 85 86
305		6 11 148 218 255
305		6 11 148 255
305		1 6 11 135
305		1 6 11 40
305		148 218 254
305		7 27 28
305		6 148 254
305		1 11 135
305		3 987
305		3 135
304		6 7 11 27 897
304		7 27 28 32
304		6 7 11 28
304		138 148 218
304		7 11 28
304		491
303		6 148 218 254
303		3 6 11 40
303		1 6 316
303		11 21
303		2 218
303		584
303		265
302		6 7 11 28 32
302		7 11 28 32
302		6 7 85 86
302		1 6 56
302		6 91
301		6 138 148 218
301		6 11 21
301		11 670
301		777
300		6 11 148 218 303
300		11 148 218 303
300		11 321
299		6 11 670
299		3 6 135
299		135 218
299		142
298		7 11 27 278
298		6 135 218
298		6 27 28
298		6 11 321
298		11 1644
298		11 378
298		11 259
298		6 540
297		6 7 11 27 278
297		6 27 28 32
297		3 7 83
297		1 6 987
297		1 69
297		1132
297		934
296		7 27 148 218
296		6 11 138 218
296		1 7 148 218
296		11 138 218
296		6 11 1644
296		136 662
296		83 148
296		27 77
296		6 662
296		281
295		6 11 138 148
295		11 138 148
295		6 11 378
295		6 11 259
295		1 215
295		521
294		6 1132
294		4 7
292		6 7 27 148 218
292		6 7 27 28
292		6 83 148
292		218 364
291		6 7 27 28 32
291		6 218 364
291		3 7 218
291		2 6 7
291		6 777
291		6 491
291		3 273
291		514
291		89
290		1 6 7 148 218
290		3 6 11 438
290		3 11 438
290		2 6 218
290		155 218
290		11 916
290		7 138
289		6 7 11 27 148
289		7 11 27 148
289		3 6 7 83
289		40 148 218
289		3 56
288		6 40 148 218
288		6 155 218
288		6 27 77
288		6 11 916
288		6 281
288		1 25
288		633
287		3 6 7 87
286		1 6 7 11 218
286		6 11 218 254
286		1 7 11 218
286		1 7 11 148
286		11 218 254
286		1 6 69
286		1 2 11
286		218 512
285		3 11 446
285		1 3 64
285		6 521
285		492
285		357
285		260
285		145
284		1 6 7 11 148
284		27 321
283		6 218 512
283		1 11 55
283		6 89
283		233
283		71
282		3 6 56
282		1 11 446
282		6 494
282		6 142
282		1 273
282		1 205
282		1025
281		3 6 11 446
281		3 6 7 218
281		11 40 148
281		3 6 987
281		6 290
280		6 11 148 254
280		6 11 40 148
280		1 2 6 11
280		11 148 254
280		1 11 56
280		1 6 25
280		218 229
280		27 64
280		522
280		506
279		1 6 11 446
279		1 6 11 56
279		6 218 229
279		6 83 85
279		83 85
279		6 260
278		6 11 148 218 254
278		11 148 218 254
278		11 40 218
278		7 11 64
278		3 737
277		6 11 40 218
277		6 7 11 64
277		1 3 11 27
277		6 136 662
277		3 11 215
277		11 640
277		2952
276		6 11 83 218
276		6 7 83 85
276		11 83 218
276		7 83 85
276		135 148
275		3 6 11 215
275		83 148 218
275		6 135 148
275		6 506
275		473
274		3 11 205
274		218 504
274		218 273
274		6 1025
274		6 633
273		6 7 11 27 148 218
273		7 11 27 148 218
273		1 3 6 11 27
273		6 83 148 218
273		3 6 11 205
273		6 11 640
273		6 7 138
273		11 490
273		6 357
272		6 522
272		6 233
272		1 269
271		1 6 11 55
271		6 218 504
271		6 148 364
271		6 27 64
271		3 27 205
271		148 512
271		148 364
271		148 155
271		11 762
271		6 2952
270		6 11 85
270		3 7 148
270		11 540
270		11 85
270		6 584
269		6 11 135 218
269		11 135 218
269		6 148 155
269		6 11 540
269		3 11 87
269		3 7 205
269		1 4 11
269		136 218
269		6 514
268		148 155 218
268		6 148 512
268		6 27 321
268		6 11 762
268		3 6 278
268		1 90 218
268		1 6 215
268		218 316
268		6 265
268		152
267		6 218 273
267		1 27 218
267		1 11 316
267		1 254
266		6 11 138 148 218
266		11 138 148 218
266		6 148 155 218
266		135 148 218
266		11 218 512
266		1 6 273
266		6 71
265		1 6 7 11 148 218
265		1 7 11 148 218
265		6 148 218 364
265		6 135 148 218
265		6 11 218 512
265		6 11 83 148
265		6 7 11 85
265		3 6 11 87
265		148 218 364
265		11 83 148
265		7 11 321
265		7 11 85
265		83 86
265		11 777
265		6 934
265		3 897
265		648
264		6 11 27 32
264		6 7 11 321
264		1 6 11 316
264		148 218 512
264		11 27 32
264		6 136 218
264		6 83 86
264		6 11 777
264		6 11 86
264		1 6 254
264		11 86
264		11 73
264		3 504
264		1 155
264		1144
263		1 6 90 218
263		3 6 269
263		1 6 205
263		1 3 4
263		56 218
263		1838
263		531
262		3 6 11 135
262		1 3 6 64
262		3 11 135
262		6 492
261		6 148 218 512
261		3 6 7 148
261		1 6 27 218
261		7 27 321
261		6 56 218
261		69 218
261		6 473
261		237
260		7 83 86
260		1 6 155
260		11 506
260		1751
259		6 83 85 86
259		6 11 135 148
259		6 7 83 86
259		83 85 86
259		11 135 148
258		6 11 218 364
258		6 11 155 218
258		11 218 364
258		11 155 218
258		6 218 316
258		6 69 218
258		6 11 506
258		4 6 7
258		218 446
257		6 7 11 27 32
257		11 40 148 218
257		7 11 27 32
257		3 6 27 205
257		11 148 512
257		3 27 87
257		1 148 987
257		1 90 148
257		148 504
257		148 229
257		87 897
257		64 77
257		2 148
256		6 11 40 148 218
256		6 7 83 85 86
256		7 83 85 86
256		6 11 148 512
256		1 6 11 25
256		6 148 229
256		1 27 148
256		1 11 987
256		1 11 25
256		1 3 77
256		11 89
255		1 6 11 987
255		6 11 89
255		7 55
255		1 364
255		435
254		6 11 27 77
254		1 4 6 11
254		148 218 229
254		11 27 77
254		6 148 504
254		27 215
254		11 521
253		6 148 218 229
253		1 6 148 987
253		1 6 90 148
253		6 11 491
253		11 491
252		3 6 7 205
252		1 6 11 69
252		6 64 77
252		1 64 218
252		1 11 69
252		64 670
252		845
251		6 11 83 148 218
251		11 148 218 512
251		11 83 148 218
251		6 11 148 364
251		1 6 27 148
251		11 148 364
251		6 11 521
251		3 11 303
251		1 6 364
251		1 6 269
251		55 218
251		6 1838
251		6 531
251		6 237
250		6 11 148 218 512
250		6 11 135 148 218
250		11 135 148 218
250		6 11 148 155
250		6 11 27 28
250		3 6 11 303
250		11 148 155
250		11 27 28
250		6 218 446
250		6 56 148
250		6 11 1025
250		2 6 148
250		56 148
250		11 1025
250		11 644
249		6 11 27 28 32
249		3 6 7 11 218
249		11 27 28 32
249		3 7 11 218
249		6 11 644
249		6 11 281
249		11 281
249		11 142
249		158
249		5
248		6 11 148 155 218
248		11 148 155 218
248		6 218 747
248		6 27 215
248		6 11 1132
248		6 11 260
248		3 6 737
248		218 747
248		11 1132
248		11 260
248		235
248		45
247		6 7 27 321
247		6 7 11 86
247		7 11 86
247		6 11 73
247		3 6 273
247		3 314
247		1 294
246		6 11 148 218 364
246		11 148 218 364
246		3 7 11 87
246		3 6 11 56
246		6 11 142
246		3 11 56
246		218 438
246		148 273
246		1 87
245		1 6 11 90 218
245		1 90 148 218
245		1 11 90 218
245		6 218 438
245		6 11 490
245		2 7 11
245		1 3 55
245		218 269
245		83 87
245		11 233
245		6 1144
245		2 27
245		1 512
245		537
244		6 7 11 27 28
244		3 6 7 11 87
244		7 11 27 28
244		2 6 7 11
244		1 6 64 218
244		7 87 897
243		6 7 11 27 28 32
243		7 11 27 28 32
243		6 11 233
243		3 64 218
243		2 11 218
243		1 11 215
243		1 6 512
243		136 148
243		4 218
243		866
242		1 6 11 90 148
242		1 6 11 27 218
242		6 11 218 229
242		6 11 85 86
242		2 6 11 218
242		1 27 148 218
242		1 11 90 148
242		1 11 27 218
242		1 6 11 215
242		11 218 229
242		11 85 86
242		6 148 273
242		6 83 87
242		6 64 670
242		7 934
241		1 6 90 148 218
241		6 11 56 218
241		6 11 56 148
241		3 7 148 218
241		3 7 11 148
241		1 6 11 254
241		11 56 218
241		11 56 148
241		1 77 218
241		1 11 254
241		6 845
241		470
240		3 7 27 87
240		6 87 897
240		11 662
240		11 265
240		6 158
240		632
239		6 7 11 85 86
239		7 11 85 86
239		3 6 27 87
239		6 218 269
239		6 11 2952
239		205 215
239		11 2952
239		11 494
239		6 45
238		3 6 7 11 148
238		148 218 504
238		11 218 316
238		6 148 438
238		6 136 148
238		3 6 897
238		148 438
238		11 290
238		6 435
238		358
237		1 6 27 148 218
237		6 11 148 229
237		1 6 77 218
237		11 148 229
237		6 11 494
237		3 7 897
237		148 446
237		148 316
237		7 90
237		6 235
237		1 504
237		2072
236		3 6 7 148 218
236		1 6 11 27 148
236		6 11 218 504
236		3 6 64 218
236		1 11 27 148
236		11 218 504
236		6 11 662
236		27 85
236		11 357
236		7 265
235		6 148 218 504
235		11 27 321
235		6 11 522
235		6 11 357
235		1 77 148
235		11 522
234		6 11 148 218 229
234		11 148 218 229
234		6 56 148 218
234		6 11 218 316
234		6 11 27 321
234		56 148 218
234		7 27 85
234		6 55 218
234		6 11 290
234		6 7 90
234		678
233		6 11 148 504
233		11 148 504
233		6 148 747
233		6 148 316
233		6 27 85
233		6 11 265
233		2 148 218
233		1 11 512
233		148 747
233		69 148
233		6 470
233		773
233		686
233		568
233		306
233		12
232		1 6 11 512
232		1 6 11 155
232		1 3 7 27
232		1 3 6 77
232		3 6 504
232		1 11 364
232		1 11 155
232		1 6 504
232		6 866
232		6 537
232		434
232		354
231		3 6 7 11 83
231		6 148 218 747
231		6 7 27 85
231		3 7 11 83
231		1 6 77 148
231		1 6 11 364
231		148 218 747
231		11 218 273
231		6 205 215
231		6 148 446
231		6 69 148
231		1 6 87
231		11 71
231		3 364
231		1956
231		232
230		1 6 11 90 148 218
230		1 11 90 148 218
230		6 11 218 273
230		2 6 148 218
230		6 11 71
230		3 11 987
230		3 6 490
230		11 514
230		11 492
230		6 12
230		1 229
229		1 6 11 205
229		11 136 662
229		6 7 934
229		3 27 218
229		1 64 148
229		1 11 205
229		11 531
229		3 25
228		3 6 11 987
228		148 218 273
228		6 11 514
228		1 11 273
228		1 6 229
228		148 269
228		6 358
228		1 278
228		590
227		1 6 11 148 987
227		6 11 69 218
227		6 11 27 64
227		6 7 87 897
227		1 11 148 987
227		1 6 11 273
227		11 136 218
227		11 69 218
227		11 27 64
227		6 11 531
227		6 11 492
227		2 6 27
227		40 77
227		11 473
227		6 434
227		6 306
227		4 27
227		582
226		6 11 136 662
226		6 11 136 218
226		6 568
226		3 512
226		687
225		6 11 56 148 218
225		3 6 7 27 87
225		11 56 148 218
225		6 7 11 138
225		11 148 273
225		7 11 138
225		6 11 473
225		6 7 55
225		2 11 148
225		7 49
225		6 773
224		1 6 11 27 148 218
224		1 11 27 148 218
224		1 3 6 7 27
224		6 148 218 273
224		6 11 148 273
224		2 6 11 148
224		11 148 316
224		7 83 87
224		11 237
224		6 2072
224		6 354
224		3 49
224		1 737
224		1 314
223		6 11 148 438
223		6 11 148 316
223		6 11 64 77
223		136 148 218
223		11 218 446
223		11 148 438
223		11 64 77
223		6 148 269
223		6 40 77
223		6 11 237
223		3 6 364
223		3 6 25
223		27 86
223		1141
223		555
223		220
222		6 11 218 446
222		6 11 218 438
222		6 7 83 87
222		3 6 27 218
222		1 6 64 148
222		11 218 438
222		7 69
222		397
221		148 218 316
221		6 7 265
221		1 218 254
221		1 7 87
221		6 232
221		775
220		6 136 148 218
220		1 6 218 254
220		6 27 86
220		3 6 314
220		71 77
220		6 686
220		6 678
220		6 582
220		1065
219		3 6 7 11 148 218
219		3 7 11 148 218
219		6 11 633
219		6 11 158
219		3 27 83
219		218 230
219		11 633
219		11 158
219		6 687
219		1810
218		6 148 218 438
218		6 148 218 316
218		6 11 83 85
218		1 77 148 218
218		1 64 148 218
218		148 218 446
218		148 218 438
218		11 83 85
218		6 7 69
218		3 148 987
218		3 11 294
218		218 259
217		6 11 148 218 504
217		11 148 218 504
217		7 11 27 321
217		3 7 27 205
217		69 148 218
217		27 87 897
217		7 27 86
217		3 11 278
217		1 218 987
217		6 220
217		598
216		6 7 11 83 85
216		6 7 11 27 321
216		1 6 77 148 218
216		7 11 83 85
216		6 11 27 215
216		11 136 148
216		11 27 215
216		6 218 230
216		3 6 512
216		11 1838
216		11 845
216		6 993
216		829
215		6 69 148 218
215		6 11 136 148
215		3 6 27 83
215		6 71 77
215		6 11 1838
215		6 11 845
215		6 11 45
215		1 148 254
215		1 25 218
215		77 138
215		11 45
215		6 1810
215		1 230
215		448
214		1 6 11 64 218
214		6 148 218 446
214		6 7 27 86
214		3 6 148 987
214		3 6 7 897
214		1 11 77 218
214		1 11 64 218
214		1 6 218 987
214		1 6 148 254
214		27 85 86
214		3 6 49
214		1 218 303
214		1 11 269
214		218 361
214		215 218
214		7 215
214		6 1956
214		6 775
214		631
213		1 6 11 77 218
213		1 6 11 77 148
213		6 11 69 148
213		1 148 218 254
213		1 11 77 148
213		1 6 218 303
213		1 6 25 218
213		11 69 148
213		6 218 259
213		6 11 584
213		6 7 49
213		3 27 148
213		148 361
213		87 205
213		11 934
213		11 584
213		6 397
213		3 155
213		573
213		499
213		452
213		268
213		211
212		1 6 148 218 254
212		11 148 218 316
212		7 27 85 86
212		6 11 218 747
212		6 7 11 90
212		1 6 11 269
212		1 3 11 64
212		11 218 747
212		7 11 90
212		6 218 361
212		6 148 361
212		4 6 218
212		3 6 73
212		1 6 737
212		1 6 314
212		6 1141
212		6 555
212		1019
211		6 11 148 218 316
211		1 6 64 148 218
211		1 3 6 11 64
211		6 27 85 86
211		6 11 83 86
211		2 11 148 218
211		1 6 7 87
211		11 83 86
211		6 11 934
211		3 64 148
211		218 1644
211		27 934
211		11 435
211		1 379
211		1808
210		2 6 11 148 218
210		11 148 218 273
210		3 11 27 205
210		11 148 446
210		6 11 435
210		6 11 235
210		1 11 229
210		1 7 83
210		11 235
210		6 246
209		6 11 148 218 273
209		6 7 27 85 86
209		3 6 11 27 205
209		6 11 148 747
209		6 11 148 446
209		3 11 27 87
209		3 6 11 278
209		1 6 11 229
209		11 148 747
209		6 77 138
209		1 138 218
209		1 11 87
209		1 6 230
209		148 230
209		11 773
209		6 829
209		6 632
209		3 32
208		3 6 64 148
208		1 6 11 87
208		148 218 230
208		6 11 773
208		1 148 303
208		218 314
208		11 537
208		11 470
208		1 46
207		6 11 148 218 747
207		6 7 11 83 86
207		3 6 11 27 87
207		3 6 7 27 205
207		11 148 218 747
207		7 11 83 86
207		1 6 148 303
207		1 6 7 83
207		1 3 11 77
207		148 218 269
207		11 218 269
207		6 218 1644
207		6 215 218
207		6 148 230
207		6 11 537
207		1 6 379
207		27 138
207		11 12
207		6 1019
207		6 598
207		3 91
206		6 11 83 85 86
206		11 83 85 86
206		7 27 87 897
206		6 148 218 230
206		6 11 218 269
206		6 11 205 215
206		3 7 11 205
206		3 6 27 148
206		3 6 11 294
206		1 25 148 218
206		1 6 138 218
206		148 218 361
206		11 205 215
206		6 11 470
206		1 25 148
206		1 747
206		276
205		3 6 7 11 205
205		1 6 25 148 218
205		1 3 6 11 77
205		6 148 218 361
205		6 148 218 269
205		1 6 25 148
205		6 218 314
205		6 11 12
205		6 7 215
205		148 259
205		11 866
204		6 7 11 83 85 86
204		7 11 83 85 86
204		1 6 11 64 148
204		1 11 64 148
204		11 87 897
204		6 11 2072
204		6 11 866
204		1 6 46
204		148 215
204		21 218
204		11 2072
204		6 448
204		6 268
204		901
203		6 11 148 218 438
203		3 6 11 64 218
203		11 148 218 438
203		6 27 87 897
203		3 11 64 218
203		3 77 218
203		1 6 747
203		205 1956
203		90 142
203		55 148
203		27 90
203		11 686
203		11 232
203		7 136
203		6 452
203		3 14
203		1 361
203		296
202		11 136 148 218
202		6 11 87 897
202		6 148 259
202		6 21 218
202		3 27 278
202		3 6 155
202		1 3 138
202		1 2 3
202		218 762
202		46 218
202		3 361
202		1770
202		1131
202		324
202		18
201		6 11 136 148 218
201		6 11 69 148 218
201		3 6 11 27 218
201		11 69 148 218
201		3 64 148 218
201		3 11 27 218
201		148 218 259
201		11 218 230
201		6 218 762
201		6 27 90
201		6 11 358
201		6 11 232
201		3 90 218
201		1 27 205
201		1 6 278
201		11 568
201		11 358
201		11 306
201		1 21
201		1101
201		659
201		455
200		1 6 11 77 148 218
200		1 11 77 148 218
200		6 11 218 230
200		6 11 148 269
200		1 148 218 987
200		11 148 269
200		6 87 205
200		6 46 218
200		6 27 934
200		6 11 686
200		6 11 568
200		6 11 306
200		3 11 273
200		1 3 90
200		27 55
200		650
199		3 7 11 27 87
199		1 6 11 218 254
199		3 7 27 83
199		3 6 90 218
199		1 11 218 254
199		11 148 361
199		7 27 77
199		3 11 512
199		1 138 148
199		218 379
199		136 138
199		64 644
199		231
198		3 6 64 148 218
198		11 148 218 230
198		6 148 218 259
198		6 11 148 361
198		11 148 230
198		7 11 265
198		6 218 379
198		6 148 215
198		6 11 434
198		1 6 361
198		77 83
198		11 434
198		6 901
198		4 148
198		1 423
198		1 259
197		3 6 7 11 27 87
197		6 11 148 218 230
197		1 6 148 218 987
197		6 27 83 85
197		6 11 148 230
197		6 11 83 87
197		3 6 77 218
197		1 148 218 303
197		1 6 138 148
197		1 3 6 90
197		27 83 85
197		11 83 87
197		6 27 138
197		6 7 136
197		4 7 11
197		3 11 364
197		3 7 278
197		6 1808
197		6 455
197		3 254
196		1 6 148 218 303
196		1 6 11 148 254
196		1 6 11 25 218
196		11 148 218 446
196		6 7 27 77
196		3 6 11 512
196		3 6 11 364
196		3 6 11 25
196		1 11 148 254
196		1 11 25 218
196		11 218 259
196		7 87 205
196		6 90 142
196		6 77 83
196		3 11 897
196		3 11 25
196		3 6 32
196		1 7 205
196		1 6 423
196		148 314
196		1536
196		772
195		1 6 11 64 148 218
195		6 11 148 218 446
195		6 7 27 83 85
195		3 6 7 27 83
195		1 11 64 148 218
195		7 27 83 85
195		6 11 218 259
195		6 7 11 265
195		4 6 7 11
195		11 218 361
195		7 27 934
195		6 11 582
195		3 11 269
195		1 6 21
195		11 582
195		11 354
195		6 1131
195		4 55
195		338
194		1 6 11 148 218 254
194		3 6 11 148 987
194		1 11 148 218 254
194		7 11 87 897
194		6 11 218 361
194		6 11 64 670
194		3 11 148 987
194		1 6 11 504
194		1 6 11 230
194		11 64 670
194		11 55 218
194		7 27 49
194		3 6 254
194		1 11 504
194		1 11 230
194		273 303
194		27 438
194		14 64
194		11 1810
194		6 231
194		1 49
194		1507
193		1 6 11 25 148 218
193		1 11 25 148 218
193		1 6 11 25 148
193		3 6 11 273
193		1 11 25 148
193		1 6 27 205
193		11 71 77
193		6 273 303
193		6 55 148
193		6 27 438
193		6 11 1810
193		6 11 354
193		3 11 737
193		64 90
193		6 650
193		677
193		356
192		6 7 27 87 897
192		6 7 11 87 897
192		1 6 11 148 303
192		11 148 218 361
192		6 11 71 77
192		6 11 55 218
192		3 6 11 897
192		1 11 148 303
192		11 148 259
192		6 205 1956
192		6 64 90
192		6 7 438
192		4 6 27
192		1 6 259
192		1 6 49
192		87 211
192		11 1144
192		11 687
192		7 438
192		6 324
192		6 296
192		6 211
192		1 1644
192		1037
192		1030
192		534
191		6 11 148 218 361
191		3 6 11 27 148
191		6 11 148 259
191		3 11 27 148
191		3 6 11 737
191		3 6 11 269
191		6 11 1144
191		6 11 687
191		2 11 27
191		1 155 218
191		46 148
191		6 659
191		339
190		1 7 27 218
190		1 6 155 218
190		1 6 11 379
190		27 87 205
190		7 11 55
190		6 148 314
190		6 64 644
190		6 46 148
190		3 27 897
190		3 6 361
190		1 11 379
190		1 11 314
190		77 136
190		46 379
190		7 446
190		7 40
190		6 573
190		6 499
190		6 356
190		3 423
190		1 255
190		151
189		1 6 11 218 303
189		1 6 7 11 87
189		6 7 11 934
189		3 27 148 218
189		2 6 11 27
189		1 11 218 303
189		1 7 11 87
189		1 6 11 314
189		1 3 6 138
189		148 215 218
189		7 27 64
189		7 11 934
189		6 136 138
189		6 46 379
189		6 14 64
189		1 218 255
189		205 218
189		40 659
189		27 1956
189		21 148
189		7 211
189		6 276
189		1052
188		1 6 11 218 987
188		11 148 218 259
188		3 6 27 278
188		1 11 218 987
188		6 11 397
188		4 6 148
188		3 7 32
188		1 27 87
188		1 6 255
188		148 379
188		11 598
188		11 397
188		6 1770
188		6 772
188		131
187		1 3 6 7 11 27
187		6 11 148 218 259
187		1 3 7 11 27
187		6 7 27 64
187		6 7 11 69
187		3 6 11 49
187		1 6 218 255
187		1 6 7 205
187		148 218 1644
187		27 83 87
187		7 11 69
187		6 148 379
187		6 21 148
187		6 11 598
187		3 90 148
187		3 77 148
187		3 11 49
187		1 6 1644
187		148 1644
187		56 90
187		11 678
187		970
186		3 6 27 148 218
186		3 6 11 64 148
186		1 6 7 27 218
186		3 11 64 148
186		6 56 90
186		6 11 678
186		6 11 220
186		3 6 423
186		87 218
186		11 220
186		6 1101
186		6 1065
186		6 631
186		3 229
186		2 77
186		266
186		41
185		6 148 218 1644
185		6 27 83 87
185		6 27 83 86
185		6 11 27 85
185		6 7 27 934
185		6 7 27 49
185		6 7 11 55
185		3 6 90 148
185		27 83 86
185		21 148 218
185		11 40 77
185		11 27 85
185		6 148 1644
185		1 540
185		1 14
184		6 11 148 218 269
184		11 148 218 269
184		6 148 215 218
184		6 11 215 218
184		6 11 46 218
184		6 7 87 205
184		3 11 90 218
184		3 6 77 148
184		3 6 11 504
184		1 6 11 46
184		1 3 4 6
184		46 148 218
184		11 215 218
184		11 46 218
184		6 205 218
184		6 7 446
184		6 7 40
184		3 11 504
184		1 11 46
184		276 897
184		148 762
184		11 1019
184		11 829
184		11 555
184		11 268
184		6 1037
184		6 970
184		6 338
184		3 670
184		3 28
184		827
183		1 6 11 148 218 303
183		6 7 11 27 85
183		3 6 11 90 218
183		1 11 148 218 303
183		7 11 27 85
183		6 46 148 218
183		6 21 148 218
183		6 11 40 77
183		3 7 11 897
183		1 138 148 218
183		1 6 11 423
183		148 218 379
183		6 148 762
183		6 87 218
183		6 77 136
183		6 40 659
183		6 11 1019
183		6 11 775
183		6 7 135
183		1 11 423
183		77 135
183		11 775
183		7 135
183		6 1030
183		363
182		6 7 27 83 86
182		7 27 83 86
182		6 148 218 379
182		6 11 148 215
182		6 7 11 215
182		6 7 11 49
182		3 6 11 254
182		3 6 7 278
182		1 6 11 361
182		1 3 6 55
182		11 148 215
182		11 21 218
182		7 87 211
182		7 11 215
182		7 11 49
182		6 77 135
182		6 11 555
182		6 11 268
182		3 11 254
182		1 40 218
182		1 11 361
182		83 205
182		6 1536
182		6 151
182		3 667
182		870
181		6 27 83 85 86
181		1 6 138 148 218
181		27 83 85 86
181		6 11 21 218
181		1 148 218 255
181		1 7 27 148
181		1 6 40 218
181		1 6 27 87
181		148 218 762
181		11 218 1644
181		6 218 357
181		3 6 14
181		2 7 27
181		1 148 255
181		1 148 155
181		1 11 747
181		1 6 540
181		1 6 14
181		218 357
181		218 237
181		32 87
181		6 1507
181		3 321
180		1 6 148 218 255
180		6 148 218 762
180		6 11 218 1644
180		6 11 27 90
180		3 90 148 218
180		3 6 7 32
180		1 6 148 255
180		1 6 148 155
180		1 6 11 737
180		1 3 11 90
180		148 218 314
180		11 218 762
180		11 27 90
180		6 11 829
180		1 11 737
180		148 205
180		27 69
180		11 448
180		6 534
180		6 339
180		6 266
179		6 7 27 83 85 86
179		1 6 11 148 218 987
179		7 27 83 85 86
179		6 7 11 83 87
179		3 6 7 11 897
179		1 11 148 218 987
179		1 6 11 138 148
179		1 3 6 11 90
179		7 11 83 87
179		6 27 87 205
179		6 11 218 762
179		3 11 77 218
179		3 7 27 897
179		1 148 155 218
179		1 11 138 148
179		1 6 11 747
179		6 218 237
179		6 87 211
179		6 27 135
179		6 25 364
179		3 6 229
179		1 218 364
179		1 40 148
179		1 27 83
179		1 3 83
179		27 135
179		25 364
179		7 276
179		3 378
179		467
178		3 6 11 64 148 218
178		3 11 64 148 218
178		3 6 90 148 218
178		1 6 148 155 218
178		1 6 11 138 218
178		1 6 7 27 148
178		6 11 218 314
178		6 11 77 83
178		3 11 90 148
178		3 6 11 155
178		1 11 138 218
178		1 6 218 364
178		1 6 40 148
178		27 205 1956
178		11 218 314
178		11 77 83
178		7 32 87
178		6 83 205
178		6 27 1956
178		3 11 155
178		218 540
178		2331
177		3 7 11 27 205
177		3 6 11 90 148
177		3 6 11 77 218
177		11 27 87 897
177		7 27 87 205
177		6 148 218 314
177		6 11 218 379
177		6 11 46 148
177		6 11 27 86
177		1 6 27 83
177		11 218 379
177		11 90 142
177		11 46 148
177		11 27 86
177		7 276 897
177		6 148 205
177		6 11 448
177		3 218 987
177		3 28 32
177		1 135 218
177		87 148
177		11 324
177		6 870
177		6 363
177		6 131
176		3 6 11 27 148 218
176		3 6 7 11 27 205
176		6 7 11 27 77
176		3 11 27 148 218
176		7 11 27 77
176		1 6 135 218
176		55 148 218
176		6 11 324
176		3 6 28
176		1 3 136
176		229 747
176		229 364
176		205 1507
176		11 1141
176		11 901
176		6 41
176		1997
176		154
175		6 11 27 87 897
175		1 6 7 11 83
175		7 27 83 87
175		6 11 90 142
175		2 6 7 27
175		1 7 11 83
175		11 21 148
175		6 276 897
175		6 229 364
175		6 87 148
175		6 27 69
175		6 11 1141
175		6 7 211
175		3 11 314
175		2 6 77
175		1 135 148
175		1 11 278
175		11 1131
175		11 338
175		6 827
175		1 777
175		1138
174		3 6 11 27 83
174		6 11 148 379
174		6 11 21 148
174		3 11 27 83
174		1 7 27 87
174		1 6 135 148
174		11 148 379
174		11 77 138
174		6 218 540
174		6 90 438
174		6 11 1131
174		6 11 901
174		3 7 28
174		1 218 229
174		1 11 259
174		218 777
174		148 540
174		90 777
174		90 438
174		77 215
174		11 1808
174		3 640
174		2303
174		212
173		6 7 27 83 87
173		6 7 11 27 86
173		11 21 148 218
173		7 11 27 86
173		6 55 148 218
173		6 11 77 138
173		3 7 28 32
173		3 6 218 987
173		3 6 27 897
173		1 6 218 229
173		1 6 148 364
173		1 6 11 1644
173		1 6 11 259
173		1 6 11 49
173		1 3 6 83
173		6 218 777
173		6 90 777
173		6 11 338
173		3 6 670
173		1 148 364
173		1 11 1644
173		1 11 49
173		218 737
173		205 278
173		148 237
173		90 1132
173		11 455
173		7 303
173		1857
173		508
173		424
173		20
172		6 11 46 148 218
172		6 11 21 148 218
172		11 46 148 218
172		6 11 148 314
172		6 11 64 90
172		6 11 27 138
172		3 6 28 32
172		3 6 11 314
172		1 6 11 278
172		11 148 314
172		11 64 90
172		11 55 148
172		11 27 138
172		6 229 747
172		6 148 237
172		6 90 1132
172		6 77 215
172		6 11 455
172		3 6 667
172		218 491
172		148 357
172		6 154
171		1 6 7 11 27 218
171		3 11 90 148 218
171		1 7 27 148 218
171		1 7 11 27 218
171		1 6 11 27 205
171		11 148 218 1644
171		6 148 218 357
171		6 11 87 218
171		6 7 11 438
171		3 11 77 148
171		1 11 27 205
171		148 218 357
171		148 218 237
171		11 148 1644
171		11 148 762
171		11 87 218
171		7 87 218
171		7 11 438
171		6 218 737
171		6 218 491
171		6 148 540
171		6 148 357
171		6 11 1956
171		6 11 1808
171		6 11 452
171		3 11 361
171		324 339
171		303 987
171		25 90
171		11 1956
171		11 452
171		11 339
171		7 316
171		6 424
171		2 64
171		1 670
171		974
171		879
170		3 6 11 90 148 218
170		6 11 148 218 1644
170		6 11 148 218 379
170		6 11 148 215 218
170		6 11 27 85 86
170		3 6 11 77 148
170		1 6 11 218 255
170		1 6 11 155 218
170		11 148 218 379
170		11 148 215 218
170		11 27 85 86
170		6 324 338 339
170		6 148 218 237
170		6 11 148 1644
170		6 11 148 762
170		6 11 87 205
170		6 11 27 438
170		6 7 87 211
170		6 7 11 136
170		3 6 11 361
170		1 11 218 255
170		1 11 155 218
170		1 6 11 540
170		1 6 11 255
170		324 338 339
170		148 218 540
170		11 87 205
170		11 56 90
170		11 27 438
170		7 11 136
170		6 338 339
170		6 324 339
170		6 324 338
170		6 205 1507
170		6 27 55
170		6 25 90
170		6 11 231
170		6 7 276
170		4 11 218
170		3 27 49
170		1 11 540
170		1 11 255
170		338 339
170		324 338
170		64 136
170		11 231
170		7 987
170		1 762
170		1 142
170		247
169		1 6 148 218 364
169		6 11 56 90
169		6 11 55 148
169		6 7 87 218
169		6 7 11 135
169		3 6 7 28
169		1 148 218 364
169		28 32 87
169		7 11 135
169		6 303 987
169		6 83 897
169		6 11 339
169		1 6 777
169		1 6 762
169		218 514
169		218 281
169		83 897
169		49 218
169		28 87
169		6 1052
169		3 86
169		1018
169		665
168		6 7 11 27 85 86
168		1 6 7 27 148 218
168		7 11 27 87 897
168		7 11 27 85 86
168		3 6 7 28 32
168		1 6 7 27 87
168		11 148 218 762
168		6 27 205 1956
168		6 11 46 379
168		6 11 27 135
168		6 7 276 897
168		3 77 148 218
168		1 135 148 218
168		11 46 379
168		11 27 135
168		6 64 136
168		6 11 970
168		6 11 650
168		1 6 294
168		90 522
168		11 970
168		11 650
168		11 296
168		6 20
168		1 897
167		1 6 11 148 218 255
167		6 11 148 218 762
167		6 7 27 87 205
167		1 11 148 218 255
167		1 6 135 148 218
167		1 6 40 148 218
167		1 6 11 148 255
167		7 28 32 87
167		6 148 218 540
167		6 11 273 303
167		6 11 87 148
167		6 11 77 135
167		4 6 11 218
167		3 6 11 423
167		1 40 148 218
167		1 11 148 255
167		1 6 218 512
167		11 273 303
167		11 87 148
167		11 77 135
167		7 28 87
167		6 218 281
167		6 90 522
167		6 32 87
167		6 11 296
167		6 7 987
167		3 11 423
167		1 218 512
167		1 11 21
167		1 7 77
167		303 504
167		218 2952
167		218 232
167		11 632
167		3 21
167		2124
167		372
166		6 7 11 27 87 897
166		1 6 7 11 27 148
166		3 6 77 148 218
166		1 7 11 27 148
166		1 6 11 148 155
166		1 6 11 40 148
166		1 11 148 155
166		1 11 40 148
166		1 6 11 21
166		1 3 6 136
166		11 148 540
166		6 218 2952
166		6 49 218
166		6 7 303
166		148 2952
166		11 151
166		1 1025
166		1960
165		1 6 11 138 148 218
165		1 11 138 148 218
165		1 6 11 27 87
165		1 6 7 11 205
165		6 11 148 540
165		3 6 27 49
165		1 11 27 87
165		1 7 11 205
165		1 6 148 512
165		1 2 3 6
165		87 148 218
165		7 87 148
165		7 11 40
165		6 303 504
165		6 218 233
165		6 218 232
165		6 205 278
165		6 148 2952
165		4 148 218
165		1 148 512
165		1 148 229
165		1 3 446
165		218 233
165		205 1052
165		11 266
165		6 1997
165		6 1857
165		6 974
165		6 508
165		1 521
165		1481
165		838
164		1 6 11 148 155 218
164		6 11 324 338 339
164		6 7 11 27 64
164		1 11 148 155 218
164		1 6 11 218 364
164		1 6 11 135 148
164		11 324 338 339
164		7 11 27 64
164		6 11 338 339
164		6 11 324 339
164		6 11 324 338
164		6 11 218 237
164		6 11 205 218
164		6 11 27 934
164		6 7 87 148
164		6 7 32 87
164		6 7 11 40
164		3 7 27 278
164		1 11 218 364
164		1 11 135 148
164		1 6 148 229
164		1 6 7 77
164		11 338 339
164		11 324 339
164		11 324 338
164		11 218 540
164		11 218 237
164		11 205 218
164		11 27 934
164		6 148 233
164		6 11 632
164		6 11 266
164		6 11 151
164		3 11 32
164		3 6 321
164		148 233
164		90 135
164		11 1536
164		3 46
164		1464
164		496
163		1 6 11 148 364
163		1 6 11 135 218
163		1 6 11 40 218
163		6 87 148 218
163		6 11 218 540
163		6 11 218 357
163		4 6 148 218
163		3 6 11 32
163		1 148 218 229
163		1 11 148 364
163		1 11 135 218
163		1 11 40 218
163		11 218 357
163		6 90 135
163		6 7 316
163		4 11 148
163		1 6 1025
163		1 6 670
163		218 522
163		218 235
163		148 777
163		148 232
163		64 584
163		11 91
163		3 85
163		1 233
163		688
163		102
162		6 7 11 27 49
162		3 6 7 27 897
162		1 6 148 218 229
162		11 148 218 540
162		7 11 27 49
162		6 11 218 777
162		6 11 14 64
162		148 218 232
162		27 205 215
162		11 218 777
162		11 14 64
162		6 218 522
162		6 218 514
162		6 218 235
162		6 148 777
162		3 11 229
162		1 6 521
162		269 303
162		205 897
162		142 218
162		27 136
162		6 677
162		6 145
162		1 1132
162		520
162		370
162		221
161		6 11 148 218 540
161		6 11 148 218 357
161		1 6 11 218 512
161		11 148 218 357
161		6 11 148 357
161		6 11 148 237
161		4 6 11 148
161		1 11 218 512
161		11 148 357
161		11 148 237
161		6 269 303
161		6 148 232
161		6 11 1536
161		6 11 1030
161		6 11 356
161		2 6 64
161		1 11 777
161		1 6 1132
161		1 6 142
161		1 3 40
161		27 1507
161		27 211
161		11 1030
161		11 772
161		11 573
161		11 356
161		11 41
161		6 1018
161		2817
161		1748
160		6 11 148 218 314
160		1 6 11 148 512
160		11 148 218 314
160		6 148 218 232
160		6 11 148 205
160		6 11 64 644
160		6 11 25 364
160		6 7 83 897
160		3 6 11 229
160		1 11 148 512
160		1 6 11 777
160		148 218 2952
160		148 205 218
160		11 148 205
160		11 64 644
160		11 25 364
160		7 83 897
160		6 27 136
160		3 7 77
160		3 7 64
160		3 6 378
160		77 90
160		41 46
160		7 1956
160		6 665
160		6 467
160		6 372
160		3197
160		2018
160		1023
160		885
159		1 6 11 148 218 364
159		6 11 148 218 237
159		1 11 148 218 364
159		1 6 148 218 512
159		11 148 218 237
159		6 148 218 2952
159		6 28 32 87
159		6 11 90 777
159		1 148 218 512
159		1 3 11 138
159		148 218 777
159		11 90 777
159		6 28 87
159		6 11 772
159		6 11 573
159		6 11 41
159		1 3 316
159		218 845
159		148 491
159		142 148
159		136 1101
159		77 446
159		11 1065
159		11 993
159		11 827
159		6 370
159		6 221
159		3 747
159		1 491
159		1496
159		144
159		39
158		6 7 11 87 218
158		6 7 11 87 205
158		1 3 6 11 138
158		11 55 148 218
158		7 11 87 218
158		7 11 87 205
158		6 148 218 777
158		6 27 205 215
158		6 11 148 777
158		3 11 27 278
158		1 7 27 205
158		27 205 1507
158		11 148 777
158		6 218 845
158		6 148 491
158		6 142 218
158		6 77 90
158		6 64 303
158		6 41 46
158		3 6 85
158		1 218 273
158		1 6 233
158		1 3 438
158		64 303
158		40 138
158		27 276
158		11 1770
158		11 631
158		11 211
158		11 154
158		6 1481
158		6 520
158		2886
158		1044
158		368
158		292
157		1 6 7 11 27 148 218
157		1 7 11 27 148 218
157		1 6 11 135 148 218
157		6 11 87 148 218
157		6 11 55 148 218
157		6 11 27 83 85
157		6 7 28 32 87
157		3 11 77 148 218
157		3 6 11 27 278
157		1 11 135 148 218
157		1 6 11 218 229
157		1 6 11 27 83
157		11 87 148 218
157		11 27 83 85
157		6 148 205 218
157		6 7 28 87
157		3 7 11 32
157		1 11 218 229
157		1 11 27 83
157		1 3 6 438
157		6 148 235
157		6 90 521
157		6 27 1507
157		6 11 1770
157		6 11 827
157		6 11 211
157		3 7 85
157		3 6 747
157		3 6 86
157		3 6 21
157		1 218 504
157		1 6 491
157		148 281
157		148 235
157		90 521
157		64 138
157		11 1037
157		6 1960
157		6 1138
157		6 144
157		1 2952
157		1469
157		37
156		3 6 11 77 148 218
156		3 6 7 11 27 83
156		6 11 27 87 205
156		6 11 27 83 87
156		6 7 11 87 148
156		3 7 11 27 83
156		3 6 7 11 32
156		11 27 87 205
156		11 27 83 87
156		7 11 87 148
156		6 11 218 491
156		3 6 7 64
156		1 6 218 504
156		1 6 218 273
156		11 218 491
156		7 11 446
156		6 11 1037
156		6 11 154
156		2 3 218
156		1 27 278
156		1 6 897
156		273 504
156		148 514
156		6 2303
156		6 2124
156		3 259
156		2 83
156		1 281
155		6 7 11 27 83 85
155		1 6 11 148 218 512
155		1 6 11 40 148 218
155		7 11 27 83 85
155		3 6 7 27 278
155		1 11 148 218 512
155		1 11 40 148 218
155		6 148 218 491
155		6 11 218 2952
155		6 11 148 2952
155		6 11 148 233
155		6 11 90 438
155		6 11 25 90
155		6 7 11 446
155		3 7 11 278
155		3 6 7 85
155		3 6 7 77
155		1 6 11 14
155		1 3 6 446
155		148 218 491
155		11 218 2952
155		11 148 2952
155		11 148 233
155		11 90 438
155		11 77 136
155		11 25 90
155		7 83 218
155		7 83 205
155		6 148 281
155		6 142 148
155		6 77 446
155		6 25 229
155		3 6 46
155		1 27 49
155		1 11 14
155		1 7 64
155		1 6 2952
155		148 845
155		148 737
155		135 136
155		69 77
155		25 229
155		11 363
155		7 879
155		6 2331
155		6 2018
155		3 644
155		3 379
155		1 357
155		3394
155		2024
155		453
155		400
154		6 11 148 218 777
154		6 7 11 27 934
154		3 6 7 11 278
154		1 6 11 148 229
154		11 148 218 777
154		7 11 27 934
154		6 148 218 235
154		6 148 218 233
154		6 27 205 1507
154		6 11 229 364
154		6 11 77 215
154		6 11 77 136
154		1 11 148 229
154		1 6 27 49
154		1 6 11 762
154		1 3 6 40
154		148 218 235
154		148 218 233
154		11 229 364
154		11 218 232
154		11 77 215
154		11 27 69
154		6 273 504
154		6 218 521
154		6 205 1052
154		6 148 845
154		6 148 737
154		6 135 136
154		6 69 77
154		6 64 584
154		6 27 211
154		6 11 631
154		3 138 218
154		3 6 640
154		1 148 504
154		1 83 218
154		1 56 218
154		1 11 762
154		1 7 278
154		1 6 357
154		218 1025
154		218 521
154		77 737
154		40 665
154		11 1101
154		11 131
154		6 2886
154		6 1464
154		6 879
154		6 688
154		3 916
154		1 640
154		2826
154		1035
154		528
153		1 6 7 11 27 87
153		1 7 11 27 87
153		1 6 7 27 205
153		7 87 148 218
153		6 11 218 232
153		6 11 205 1956
153		6 11 27 69
153		6 7 83 218
153		6 7 83 205
153		2 6 11 77
153		1 6 148 504
153		1 6 83 218
153		1 6 27 278
153		148 218 514
153		27 87 211
153		27 32 87
153		11 205 1956
153		11 148 232
153		6 136 1101
153		6 40 138
153		6 11 1101
153		6 11 363
153		3 7 321
153		2 11 77
153		1 6 281
153		218 1132
153		218 354
153		205 1960
153		148 522
153		148 423
153		87 278
153		49 148
153		11 870
153		11 534
153		6 2817
153		6 1469
153		6 838
153		6 212
153		6 102
153		3 1644
153		587
153		382
152		1 6 11 148 218 229
152		6 7 87 148 218
152		1 11 148 218 229
152		11 148 218 232
152		6 11 148 232
152		6 11 83 205
152		3 6 138 218
152		1 6 56 218
152		1 6 7 64
152		148 218 281
152		11 83 205
152		7 205 897
152		6 218 1132
152		6 218 1025
152		6 218 354
152		6 148 522
152		6 77 737
152		6 49 148
152		6 11 870
152		6 7 1956
152		2 3 7
152		1 11 521
152		90 155
152		6 1044
152		6 648
152		6 368
152		3 662
152		1 644
152		2953
152		1071
151		6 11 148 218 232
151		6 11 27 83 86
151		11 27 83 86
151		6 11 90 1132
151		3 148 218 987
151		3 6 11 28
151		2 7 11 27
151		1 7 27 83
151		1 6 56 148
151		1 6 11 521
151		142 148 218
151		27 276 897
151		11 90 1132
151		7 205 1956
151		7 27 211
151		6 148 514
151		6 148 423
151		6 90 155
151		6 11 1507
151		6 11 1065
151		6 11 131
151		3 11 28
151		2 6 83
151		1 56 148
151		1 7 897
151		514 528
151		218 1838
151		90 364
151		83 278
151		77 303
151		11 1507
151		6 885
151		6 39
151		3 934
151		3 584
151		3 230
151		1 260
151		1 237
151		3322
151		2035
150		6 11 148 218 2952
150		3 6 11 218 987
150		2 6 7 11 27
150		11 148 218 2952
150		7 27 32 87
150		6 148 218 281
150		6 11 90 522
150		6 11 49 218
150		3 11 218 987
150		148 218 845
150		27 205 278
150		11 90 522
150		11 49 218
150		6 205 897
150		6 90 364
150		6 11 659
150		6 11 534
150		3 218 303
150		1 218 230
150		1 6 260
150		1644 1838
150		40 136
150		27 446
150		11 659
150		6 3197
150		6 2826
150		6 1748
150		3 255
150		525
149		3 6 148 218 987
149		1 6 7 27 83
149		6 148 218 845
149		6 11 218 281
149		6 11 218 233
149		6 11 148 491
149		6 11 90 135
149		3 7 27 218
149		1 6 218 230
149		1 6 148 438
149		1 6 83 148
149		148 218 522
149		27 87 218
149		11 218 281
149		11 218 233
149		11 148 491
149		11 90 135
149		11 87 211
149		7 83 148
149		7 11 303
149		6 158 218
149		6 83 278
149		6 40 665
149		6 27 276
149		6 11 91
149		3 27 32
149		3 6 259
149		1 148 438
149		1 148 273
149		1 136 218
149		1 83 148
149		1 6 237
149		1 3 303
149		205 2817
149		158 218
149		138 987
149		11 508
149		11 499
149		7 2331
149		7 212
149		6 3394
149		6 2035
149		6 1035
149		6 496
149		787
148		6 7 11 27 83 86
148		7 11 27 83 86
148		3 6 11 28 32
148		1 6 7 11 77
148		6 148 218 522
148		6 148 218 514
148		6 11 205 1507
148		6 11 148 235
148		6 11 87 211
148		6 7 83 148
148		6 7 11 303
148		3 11 28 32
148		2 3 6 218
148		1 7 11 77
148		1 6 148 273
148		1 6 136 218
148		148 218 737
148		11 205 1507
148		11 148 235
148		7 87 278
148		7 27 276
148		7 11 211
148		6 1644 1838
148		6 218 1838
148		6 77 303
148		6 64 138
148		6 25 747
148		6 11 508
148		6 11 499
148		3 6 255
148		25 747
148		11 1052
148		6 3322
148		6 292
148		1 522
148		2145
148		402
148		141
147		6 11 27 83 85 86
147		6 7 11 27 87 205
147		11 27 83 85 86
147		7 11 27 87 205
147		6 11 148 218 491
147		3 6 11 27 49
147		11 148 218 491
147		6 148 218 737
147		6 142 148 218
147		6 27 87 218
147		6 27 87 211
147		6 11 218 235
147		6 7 11 211
147		3 11 27 49
147		3 6 218 303
147		3 6 25 218
147		1 6 218 438
147		1 6 7 278
147		27 205 897
147		11 218 235
147		6 138 987
147		6 11 1018
147		6 11 993
147		3 218 255
147		3 40 218
147		3 25 218
147		3 6 1644
147		1 218 438
147		1 218 259
147		1 11 233
147		1 11 142
147		218 358
147		11 1018
147		11 424
147		11 246
147		11 20
147		6 1496
147		6 528
147		6 382
147		6 247
147		1 378
147		1 158
146		6 7 11 87 148 218
146		7 11 87 148 218
146		3 6 7 27 218
146		3 6 7 11 28
146		1 6 11 56 148
146		7 27 276 897
146		7 27 87 211
146		6 27 83 205
146		6 11 303 987
146		6 11 148 281
146		6 11 142 148
146		6 11 40 659
146		6 11 27 1956
146		3 7 11 28
146		3 6 218 255
146		3 6 138 148
146		3 6 7 321
146		1 148 218 230
146		1 11 56 148
146		1 6 218 747
146		1 6 11 1025
146		1 6 11 233
146		27 83 205
146		11 303 987
146		11 229 747
146		11 148 845
146		11 148 423
146		11 148 281
146		11 142 148
146		11 40 659
146		11 27 1956
146		6 514 528
146		6 218 358
146		6 218 260
146		6 135 438
146		6 77 438
146		6 11 1052
146		6 11 20
146		3 138 148
146		3 7 86
146		3 6 379
146		1 218 747
146		1 218 446
146		1 148 230
146		1 136 148
146		1 11 1025
146		1 6 640
146		1 6 522
146		218 423
146		218 260
146		205 1496
146		135 438
146		77 438
146		64 83
146		27 1052
146		11 1857
146		11 974
146		6 2953
146		6 37
146		1 490
146		882
146		139
146		88
145		6 7 11 27 83 85 86
145		7 11 27 83 85 86
145		6 7 11 27 83 87
145		3 6 7 11 28 32
145		7 11 27 83 87
145		6 11 148 218 235
145		6 11 148 218 233
145		6 11 148 205 218
145		4 6 11 148 218
145		3 7 11 28 32
145		1 6 148 218 230
145		1 3 6 11 136
145		11 148 218 235
145		11 148 218 233
145		11 148 205 218
145		6 27 205 278
145		6 11 229 747
145		6 11 218 1025
145		6 11 218 737
145		6 11 148 845
145		6 11 148 423
145		6 11 142 218
145		4 11 148 218
145		3 11 27 897
145		3 6 40 218
145		1 6 218 259
145		1 6 148 230
145		1 3 11 136
145		148 303 987
145		11 218 1025
145		11 218 845
145		11 218 737
145		11 218 514
145		11 142 218
145		7 205 278
145		6 218 423
145		6 205 1960
145		6 40 136
145		6 11 1857
145		6 11 424
145		1 27 64
145		1 6 644
145		1 6 158
145		218 2072
145		7 37
145		6 2024
145		6 453
145		6 152
145		5 6
145		3 491
145		516
145		236
144		1 6 11 56 218
144		1 3 6 11 83
144		6 11 218 845
144		6 11 218 522
144		6 11 77 90
144		6 7 27 211
144		3 7 27 32
144		3 6 27 32
144		1 11 56 218
144		1 6 136 148
144		1 6 11 491
144		1 6 11 142
144		1 3 11 83
144		27 205 1052
144		11 218 522
144		11 77 90
144		7 27 215
144		7 27 138
144		6 205 2817
144		6 148 521
144		6 148 158
144		6 87 278
144		6 64 83
144		3 6 230
144		1 11 491
144		1 2 218
144		218 901
144		148 521
144		148 158
144		64 69
144		27 316
144		7 1138
144		6 587
144		6 236
144		2 4
144		1 1838
144		1 667
144		999
144		697
143		1 6 56 148 218
143		27 28 32 87
143		7 11 87 211
143		6 148 303 987
143		6 27 276 897
143		6 11 218 514
143		6 11 49 148
143		6 11 41 46
143		6 7 205 1956
143		6 7 11 987
143		6 7 11 316
143		3 6 218 254
143		1 148 218 504
143		1 56 148 218
143		27 28 87
143		11 148 514
143		11 136 138
143		11 49 148
143		11 41 46
143		7 148 987
143		7 11 987
143		7 11 316
143		6 27 446
143		6 11 1997
143		6 11 974
143		3 218 254
143		3 83 218
143		3 6 662
143		1 3 987
143		77 316
143		77 290
143		64 215
143		27 2817
143		11 2018
143		11 1997
143		11 276
143		7 1507
143		7 56
143		4 64
143		1 73
143		1800
143		1034
143		253
142		6 7 11 87 211
142		1 6 148 218 504
142		1 6 83 148 218
142		1 6 11 218 273
142		1 6 11 218 230
142		1 6 11 148 504
142		6 148 158 218
142		6 27 32 87
142		6 11 205 278
142		6 11 136 138
142		6 11 90 521
142		6 11 83 897
142		6 11 32 87
142		3 6 7 86
142		1 83 148 218
142		1 11 218 273
142		1 11 218 230
142		1 11 148 504
142		1 6 218 446
142		1 6 11 260
142		1 6 7 897
142		1 3 6 303
142		148 158 218
142		49 148 218
142		11 205 278
142		11 90 521
142		11 90 364
142		11 83 897
142		11 32 87
142		7 27 1956
142		6 218 2072
142		6 218 901
142		6 218 231
142		6 11 2018
142		6 11 1481
142		6 11 520
142		6 11 276
142		6 7 879
142		4 11 27
142		3 136 662
142		3 11 670
142		3 11 667
142		3 11 321
142		1 148 446
142		1 11 260
142		1 7 138
142		218 670
142		218 231
142		148 1838
142		148 1025
142		77 205
142		40 64
142		14 218
142		11 1481
142		11 520
142		7 737
142		6 141
142		1 916
142		837
142		800
142		738
142		563
142		472
142		204
142		118
141		7 27 28 32 87
141		6 11 148 218 281
141		6 11 27 205 215
141		3 6 11 27 897
141		11 148 218 845
141		11 148 218 281
141		11 27 205 215
141		7 27 205 897
141		7 27 87 218
141		7 27 28 87
141		6 49 148 218
141		6 11 158 218
141		6 11 148 522
141		6 11 148 514
141		6 11 90 364
141		6 7 205 897
141		6 7 148 987
141		6 7 27 215
141		3 148 218 255
141		3 7 27 148
141		3 6 11 670
141		3 6 11 667
141		1 6 27 64
141		1 2 6 218
141		11 158 218
141		11 148 522
141		7 205 1507
141		7 27 90
141		6 77 290
141		6 77 205
141		6 40 64
141		6 14 218
141		6 11 372
141		6 11 221
141		3 148 303
141		3 148 255
141		3 85 86
141		1 3 135
141		1 3 56
141		148 1132
141		148 901
141		148 354
141		64 446
141		27 265
141		11 372
141		11 221
141		7 269
141		6 787
141		6 253
141		3 142
141		603
141		422
141		234
140		3 6 11 148 218 987
140		6 11 148 218 845
140		6 11 27 87 218
140		6 7 27 87 218
140		6 7 27 87 211
140		6 7 11 32 87
140		3 11 148 218 987
140		3 6 148 218 255
140		1 6 11 148 438
140		1 6 11 148 273
140		11 148 218 514
140		11 27 87 218
140		7 11 32 87
140		6 148 218 521
140		6 25 218 364
140		6 11 90 155
140		6 11 77 446
140		6 7 205 278
140		6 7 27 276
140		3 27 28 32
140		3 7 85 86
140		3 6 148 255
140		3 6 11 321
140		3 6 11 14
140		1 148 218 273
140		1 11 148 438
140		1 11 148 273
140		1 6 148 747
140		1 6 11 281
140		1 6 7 138
140		148 218 901
140		148 218 521
140		27 205 2817
140		27 87 278
140		25 218 364
140		25 90 218
140		11 90 155
140		11 77 446
140		7 77 218
140		7 64 218
140		6 205 1496
140		6 148 1838
140		6 148 1132
140		6 148 1025
140		6 148 260
140		6 56 135
140		6 7 737
140		6 7 56
140		3 27 28
140		3 11 14
140		3 6 916
140		3 6 491
140		1 148 747
140		1 148 259
140		1 11 281
140		1 6 1838
140		1 3 69
140		514 525
140		218 772
140		218 582
140		148 260
140		56 135
140		32 37
140		27 879
140		6 1034
140		6 882
140		6 590
140		6 139
140		3 494
140		3 290
140		3 265
140		331
139		1 6 11 148 218 230
139		6 11 27 205 1956
139		6 7 27 32 87
139		3 6 7 27 148
139		3 6 7 27 32
139		1 11 148 218 230
139		1 6 148 218 273
139		1 6 11 218 504
139		1 6 11 148 230
139		1 6 11 27 49
139		11 27 205 1956
139		6 25 90 218
139		6 11 218 521
139		6 11 148 737
139		6 11 148 158
139		6 7 87 278
139		6 7 77 218
139		6 7 64 218
139		6 7 27 90
139		4 6 11 27
139		3 6 85 86
139		1 11 218 504
139		1 11 148 230
139		1 11 27 49
139		1 6 148 259
139		1 6 11 1132
139		1 3 6 987
139		1 3 6 135
139		1 3 6 56
139		148 218 354
139		27 87 148
139		11 218 521
139		11 148 737
139		11 148 158
139		6 218 582
139		6 148 901
139		6 148 354
139		6 77 316
139		6 27 2817
139		6 7 212
139		3 40 148
139		3 27 64
139		1 218 379
139		1 11 1132
139		64 135
139		27 56
139		11 144
139		6 525
139		6 400
139		6 331
139		6 234
139		312
138		1 6 11 56 148 218
138		6 11 148 218 514
138		6 11 142 148 218
138		6 7 27 276 897
138		3 7 27 28 32
138		3 6 7 85 86
138		1 11 56 148 218
138		1 6 148 218 747
138		1 6 148 218 438
138		1 6 11 83 218
138		1 3 6 11 438
138		11 142 148 218
138		6 148 218 901
138		6 148 218 354
138		6 27 87 148
138		6 11 135 136
138		6 11 64 303
138		6 11 27 1507
138		6 11 27 136
138		6 7 27 138
138		3 7 27 28
138		3 6 148 303
138		3 6 25 148
138		2 3 6 7
138		1 148 218 747
138		1 148 218 438
138		1 11 83 218
138		1 6 218 379
138		1 6 148 446
138		1 6 27 77
138		1 6 11 158
138		1 3 11 446
138		1 3 11 438
138		148 218 1838
138		148 218 1132
138		148 218 1025
138		11 135 136
138		11 64 303
138		11 27 1507
138		11 27 136
138		7 83 278
138		6 218 670
138		6 64 135
138		6 64 69
138		6 27 56
138		6 25 155
138		6 11 144
138		6 7 1507
138		3 25 148
138		1 27 77
138		1 11 670
138		1 11 158
138		1 6 667
138		148 2072
138		148 358
138		27 212
138		25 155
138		6 837
138		6 800
138		6 516
138		3 762
138		482
137		6 11 148 218 522
137		6 11 148 158 218
137		6 11 27 205 1507
137		6 7 83 148 218
137		3 7 11 27 897
137		3 6 25 148 218
137		3 6 7 11 77
137		1 3 6 11 446
137		11 148 218 522
137		11 148 158 218
137		11 27 205 1507
137		7 83 148 218
137		7 27 205 1956
137		7 27 87 278
137		6 148 218 1132
137		6 27 205 897
137		6 11 218 358
137		6 11 148 1025
137		6 11 135 438
137		3 25 148 218
137		3 7 11 77
137		3 6 83 218
137		3 6 40 148
137		3 6 27 64
137		1 6 11 670
137		1 6 11 357
137		1 3 11 40
137		1 3 7 218
137		1 3 6 316
137		514 525 528
137		148 218 2072
137		11 218 358
137		11 148 1025
137		11 135 438
137		6 218 772
137		6 148 358
137		6 27 1052
137		6 27 316
137		6 11 2124
137		6 7 2331
137		6 7 1138
137		6 7 37
137		3 27 321
137		3 11 259
137		3 6 584
137		3 4 7
137		1 218 269
137		1 46 218
137		1 11 357
137		1 7 90
137		525 528
137		218 278
137		27 40
137		27 37
137		11 2124
137		11 677
137		6 1071
137		6 999
137		1 473
137		1077
137		784
136		3 6 7 11 27 218
136		1 6 7 11 27 205
136		3 7 11 27 218
136		3 6 148 218 254
136		3 6 27 28 32
136		1 7 11 27 205
136		1 6 11 218 438
136		1 6 11 83 148
136		1 6 11 27 278
136		1 3 6 11 40
136		6 148 218 1838
136		6 148 218 1025
136		6 27 205 2817
136		6 7 205 1507
136		6 7 83 278
136		3 148 218 254
136		3 6 148 254
136		3 6 136 662
136		3 6 27 28
136		2 6 11 64
136		1 148 218 259
136		1 11 218 438
136		1 11 136 218
136		1 11 136 148
136		1 11 83 148
136		1 11 27 278
136		1 6 11 2952
136		1 6 7 90
136		1 2 3 11
136		148 218 358
136		27 49 218
136		7 205 218
136		7 64 148
136		7 32 37
136		6 90 229
136		6 64 446
136		6 64 215
136		6 27 265
136		6 11 1035
136		6 11 370
136		3 148 254
136		3 6 934
136		2 11 64
136		1 148 269
136		1 11 2952
136		1 6 916
136		90 303
136		90 229
136		64 316
136		55 77
136		49 205
136		40 987
136		32 897
136		11 3197
136		11 1464
136		11 1035
136		11 688
136		11 665
136		11 370
136		11 102
136		7 402
136		6 1751
136		6 1077
136		6 402
136		6 118
136		6 88
136		1 845
136		1 89
136		1707
135		6 27 28 32 87
135		6 11 28 32 87
135		1 6 148 218 259
135		1 6 11 136 218
135		1 6 11 136 148
135		1 2 3 6 11
135		11 28 32 87
135		6 148 218 358
135		6 27 205 1052
135		6 27 28 87
135		6 11 303 504
135		6 11 148 521
135		6 11 28 87
135		6 11 25 229
135		6 7 64 148
135		6 7 27 438
135		3 6 11 747
135		1 6 46 218
135		1 6 11 237
135		27 83 278
135		27 83 218
135		11 303 504
135		11 276 897
135		11 218 423
135		11 218 354
135		11 205 1052
135		11 148 521
135		11 28 87
135		11 27 211
135		11 25 229
135		7 27 438
135		6 260 281
135		6 218 253
135		6 148 2072
135		6 148 231
135		6 90 512
135		6 11 3197
135		6 11 1464
135		6 11 102
135		6 7 269
135		3 69 218
135		3 11 747
135		3 11 490
135		3 11 255
135		3 11 46
135		3 11 21
135		3 6 644
135		1 218 1644
135		1 11 237
135		1 6 845
135		1 6 378
135		260 281
135		218 378
135		218 253
135		148 231
135		90 512
135		90 230
135		64 438
135		11 838
135		11 292
135		7 504
135		7 400
135		6 1023
135		6 697
135		1 492
135		1648
135		529
134		3 6 7 27 28 32
134		6 11 27 87 148
134		6 7 11 83 897
134		6 7 11 83 218
134		3 6 11 25 218
134		3 6 7 27 28
134		1 6 7 11 64
134		11 27 87 148
134		7 11 83 897
134		7 11 83 218
134		6 148 218 2072
134		6 27 87 278
134		6 27 83 218
134		6 27 49 218
134		6 11 276 897
134		6 11 269 303
134		6 11 218 1132
134		6 11 218 423
134		6 11 218 354
134		6 11 205 1052
134		6 11 64 136
134		6 11 27 211
134		6 7 27 1956
134		3 11 25 218
134		3 6 69 218
134		3 6 11 259
134		3 6 11 255
134		1 7 11 64
134		1 6 218 269
134		1 6 148 269
134		1 6 11 897
134		218 303 987
134		11 269 303
134		11 218 1838
134		11 218 1132
134		11 64 136
134		6 514 525
134		6 90 303
134		6 64 438
134		6 40 987
134		6 11 2826
134		6 11 1044
134		6 11 246
134		1 11 897
134		1 6 473
134		1 2 148
134		402 897
134		364 747
134		314 2024
134		148 670
134		64 987
134		11 2826
134		11 1044
134		11 368
134		11 39
134		6 563
134		6 472
134		588
134		106
133		6 7 27 28 32 87
133		6 7 11 28 32 87
133		6 7 11 27 87 218
133		3 6 7 11 27 897
133		1 6 11 148 218 504
133		1 6 11 148 218 273
133		7 11 28 32 87
133		7 11 27 87 218
133		6 11 148 218 1025
133		6 7 27 83 205
133		6 7 27 28 87
133		6 7 11 83 148
133		6 7 11 28 87
133		3 6 11 218 254
133		3 6 11 138 148
133		1 11 148 218 504
133		1 11 148 218 273
133		1 6 7 11 278
133		1 3 6 7 218
133		11 148 218 1025
133		7 27 83 205
133		7 11 83 148
133		7 11 28 87
133		6 148 218 260
133		6 148 218 253
133		6 148 218 231
133		6 27 83 897
133		6 27 83 278
133		6 11 218 1838
133		6 11 218 260
133		6 11 77 438
133		6 11 69 77
133		6 7 205 218
133		3 11 218 255
133		3 11 218 254
133		3 11 138 148
133		3 6 11 46
133		3 6 11 21
133		1 148 218 446
133		1 136 148 218
133		1 7 11 278
133		1 6 218 1644
133		1 6 11 522
133		1 3 7 148
133		1 3 6 69
133		1 2 6 148
133		148 218 260
133		148 218 253
133		148 218 231
133		28 32 37
133		27 205 218
133		27 83 897
133		11 218 901
133		11 218 260
133		11 77 438
133		11 69 77
133		7 77 148
133		7 32 897
133		7 27 879
133		6 364 747
133		6 218 378
133		6 218 278
133		6 148 1131
133		6 148 253
133		6 90 230
133		6 32 37
133		6 11 2817
133		6 11 688
133		6 11 677
133		6 11 368
133		6 11 292
133		6 11 39
133		6 7 504
133		3 218 512
133		3 83 148
133		3 6 494
133		3 6 142
133		1 64 77
133		1 11 522
133		148 1131
133		148 253
133		28 37
133		27 1496
133		11 2817
133		11 2331
133		4 77
133		1 584
132		6 11 148 218 737
132		6 11 49 148 218
132		6 7 27 87 148
132		3 7 11 27 278
132		3 6 11 218 255
132		3 6 11 25 148
132		1 6 136 148 218
132		11 148 218 737
132		11 49 148 218
132		7 27 87 148
132		6 514 525 528
132		6 218 303 987
132		6 11 218 901
132		6 11 148 260
132		6 11 27 56
132		6 7 77 148
132		3 11 25 148
132		3 6 218 512
132		3 6 83 148
132		1 6 64 77
132		1 6 11 1838
132		11 1644 1838
132		11 148 260
132		11 27 56
132		7 27 37
132		6 525 528
132		6 218 1131
132		6 148 670
132		6 64 316
132		6 27 40
132		6 11 2035
132		6 11 665
132		1 218 316
132		1 27 897
132		1 11 1838
132		1 6 89
132		218 1808
132		218 1131
132		27 1960
132		11 2886
132		11 2035
132		11 212
132		6 1707
132		6 784
132		3 633
132		3 506
132		1 537
132		1 235
132		1863
132		1652
132		1517
