closedFP mushroom memory
	FPClose	Charm	LCM	DCIClosed	AprioriClose
0,5	184,32999725341796	184,33004913330078	221,1959976196289	184,32999725341796	221,1959976196289
0,45	221,1959976196289	184,33001403808595	184,32999725341796	184,32999725341796	184,32999725341796
0,4	184,32999725341796	184,33001403808595	184,32999114990236	184,32999114990236	221,19599151611328
0,35000000000000003	184,32999114990236	258,0619918823242	258,0619918823242	184,32999114990236	184,32999114990236
0,30000000000000004	221,19599151611328	184,32999114990236	368,65999298095704	405,5260009765625	184,32999114990236
0,25000000000000006	221,19599151611328	184,32999114990236	368,6698699951172	368,6740478515625	184,32999114990236
0,2000000000000001	184,32999114990236	184,32999114990236	589,859130859375	552,991569519043	184,32999114990236
0,15000000000000008	221,19599151611328	184,32999114990236	737,3324417114258	774,2062896728515	184,32999114990236
0,10000000000000006	221,19599151611328	184,32999114990236	1290,3313751220703	1105,9839324951172	184,32999420166016
