54 62 5 28 52 60 52 71 1 39 48 21
52 71 1 39 54 96 69 69
0 58 28 97 96 54 62 62 53 69 21 71 71
36 68 54 76 62 16 70 28 75
54 68 52 71 1 39 75 15 55 24 76 62
16 53 12 71 62 96 69 69 17 69 46 61 48 54
9 7 71 93 52 25 69 75 15 55 24 76 62
54 21 39 89 0 83 23 17 8 93 19
76 20 39 54 93 39 97 96
93 39 26 96 65 71 1 62 54 62 5 55 76 62
33 93 54 62 5 55 76 62
28 61 20 35 63 68 76 21
7 7 35 54 14 73 61 8 80 62 71 63 95 97 32
73 76 96 35 54 78 39 73 84
54 21 39 89 0 83
28 61 20 35 63 28 97 71 1 62 26 40
20 55 89 11 54 35 37
17 69 46 17 69 2 60 69 73 76 96
98 71 54 62 5 55 76 62 28 75 52 60
14 85 36 14 73 61 8 35 54 60 14 68 41 84 14 11 9 58
54 62 5 55 76 62 28 75 52 60 97 96 28 75 52 60
17 69 16 53 12
36 68 54 76 28 75 52 60
59 96 74 63 53 1 62
54 62 5 17 69 46 61 48 28 75 52 60
28 97 26 40 54 68
16 53 13 54 17 69 46 61 48 54 7 21 7 35 54
16 60 62 25 16 39 73 76 96
85 27 15 28 75 52 60
9 7 71 93 52 25 69 17 46 61 48 54
62 16 70 28 75 71 0 58 28
17 69 74 3 48 39 62 16 60 62 25 16
71 28 71 61 66 76 20 54 93 41 71
14 73 61 26 40 26 40
96 69 63 12 84 85 27 15 26 48 21
29 85 96 54 93 33 93
28 61 20 35 63 28 61 20 63
54 11 62 25 54 1 80 62 89 62 0 28
89 15
28 61 20 35 63 62 53 69 21
84 14 11 9 83 58 71 28 71 61 66
20 39 54 39 14 17 96 6 63 57 1 89
28 75 52 60 54 21 39 0 83
96 69 69 84 14 11 9 83 58 1 39
75 15 55 24 76 62 97 96
71 28 71 61 66
71 26 40 36 68 54 76 93 35 17 46
1 80 62 89 62 0 28 42 70 8
35 54 47 21 75 71 85 27 15 28 97 14 21 66
14 21 66 71 1 62
74 3 48 39 62 14 85 36
17 69 46 35 54 54 21 39 89 0 83
33 0 58 28 96 69 69 84 76 75 55 24 76 62
17 46 61 48 54
1 80 62 89 62 0 28 54 62 5 55 76 62
78 39 73 73 78 52
9 7 71 93 52 25 69 96 6 63 57 1 53 89
14 61 8
14 8 75 15 55 24 76 62 59 96 74 63 1 62
41 71 84 14 11 9 83 58 98
41 41 84 55 85 42 76 66 62 71
76 20 39 54 93 85 27 15 84 76 70 62
54 68 47 58 21 75 75 15 24 76 62 46 61 48 54
96 69 69 23 17 8 93 19 16 60 62 25 16
0 58 3 54 54 62 5 55 76 62 75 15 55 24 76 62
62 12 68 71 40
48 21 9 7 71 93 52 25 69
78 39 73 84
14 73 61 8 54 62 5 9 7 71 93 52 25 69
71 28 71 61 66 14 73 61 8
73 61 8 53 12 71 1 62
54 62 5 55 76 62 83 75 98 26
54 21 39 89 0 83 85 27 15
97 96 42 83 84 8
28 75 52 60 0 58 28 96 69 69
1 62 89 62 0 28 28 75 54 62 5 55 76 62
35 83 93 73 17 76 26 96 69 69
23 17 8 93 19 14 73 61 8 83 75 98
14 21 93 35 14 73 61 8 71 20 55 89 11
28 61 20 35 84 14 11 9 83 58 1 80 62 89 62 0 28
54 11 62 25 54 2 69 26 40
54 54 83 59 21 62 54 62 5 55 76 62
14 21 66 39 14 18 17 21 89 83
39 54 93 98 71
97 96 26 17 69 46 17 69 54 68
9 7 71 93 52 25 69 96 28 61 20 35 63
28 75 52 73 76 96 28 75 52 60
54 11 62 25 54 71 1 62
85 26 17 69 46 61 48 54 73 17 76 26 84 14 11 9 83 58
97 96 28 75 52 60 52 71 1 39
71 28 71 61 66 1 62
54 62 5 55 76 62
76 39 54 93 76 47 58 21 75 71
76 20 39 54 93
39 14 18 17 62 12 68
16 28 75 71 62 71
54 26 40 98 33 93 17 69 46
28 61 20 35 63 54 68
71 28 71 61 66 60 14 68 41
54 62 5 55 76 62 71 1 62 14 73 61 8 16 53 13 54
26 40 71
84 83 54 29 62 0 58 28 97 54 62 5 55 76 62 76 20 39 54 93
23 17 8 93 19 7 21 7 35 54
28 75 52 60 39 14 18 17 48 21
85 27 15 83 75 98 26
28 75 52 60
58 2 71 84 8 83
75 39 14 18 17
28 28 61 20 35 63 71 89 15 48 21
75 51 15 86 96
28 52 60 1 80 62 89 62 0 28
15 55 24 76 62 52 71 1 39 42 83 84 70 8
9 7 71 93 52 25 69 71 28 71 61 66
71 16 60 62 25 16 28 97
71 20 60 69 35 54 83 84 70 8
55 42 54 66 75 51 15 86 96 71 1 62
96 69 69 54 48 21 28 75 52 60
74 3 48 39 62 48 21
14 73 61 8 62 12 68 35 54 41 71 54 62 5 55 76 62
55 42 54 66 71 62 93 35
96 6 63 57 1 53 89 54 11 62 25 54
26 40 7 21 98 14 73 61 8
36 68 54 76 96 69 69 17 69 46 61 48 54
75 51 15 86 96
39 14 18 17
17 69 46 61 48 54 21 54 68
20 39 54 93 96 69 69 14 21 0 28
98 71 33 93 16 53 13 54 85 27
93 62 68 52 71 1 39 52 71 1 39
84 14 11 9 83 71 28 71 61 66
71 1 62 96 69 69 17 69 46 42 83 84 8
48 21 54 62 5 96 69 69
26 40 16 60 62 25 16 76 20 39 54 93 14 73 61 8
26 40 28 75 52 60 17 69 46 61 48 54
96 69 69 71 20 55 89 11
54 62 5 23 17 8 93 19
33 93 54 11 62 25 54
0 3 54 71 28 71 61 66 14 21
28 61 20 35 63 36 68 54 76 76
71 20 54 97 96
39 14 18 17 54 54 21 39 89 0 83
75 51 15 86 96 48 69 80 62 73 76 96
41 71 71 28 75 52 60
36 68 54 76 71 28 71 61 66
80 62 71 63 95 97 32 23 17 8 93 19 98
54 62 5 55 76 62 96 69 69 9 7 71 93 52 25 69
15 5 76 89 54 68 28 75 52 60
71 20 55 89 11 93 35 28 97
84 14 11 9 83 58 23 17 8 93 19
42 83 84 8 98 71
85 27 15 15 5 76 89 54 62 5 78 73 84
71 28 71 61 66 96 69 69 85 27 15 14 73 61 8
59 96 74 63 53 1 62 52 71 1 39 75 51 15 86 96
71 1 39 28 75 52 60 71 39 75 59 21 62
17 69 46 61 48 54
83 84 70 8 16 53 13 54 54 62 5
28 75 52 60 71 20 55 89 11
26 40 17 69 46 61 48 54 69 16
33 93 33 93
16 28 75 48 71 28 71 61
2 69 73 76 96 84 14 11 9 58
59 74 63 53 1 62 54 68
54 62 5 55 76 62
71 39 75 14 73 61 8 33 93
71 75 15 55 24 76 62
96 69 69 0 58 3 54 76 20 39 54 93 16 53 13 54
54 85 71 28 71 66 84 76
76 75 15 55 24 76 62
33 93 69 46 84 76 70
71 71 62 53 69 21 54 26 76 20 39 93
16 53 13 54 59 96 74 63 53 1 62
14 73 61 8 23 17 8 93 19 52 71 1 39 35 37
80 62 71 63 95 97 32 96 6 63 57 1 53 89
71 1 62 37 17 69 46 61 48 54
35 54 71 73 17 76 26 54 62 5 55 76 62
75 15 55 24 76 62 2 60 69
0 58 28 33 93 71 1 62 71 1
16 96 71 60 62 55 42 54 66
71 1 76 20 39 54 93 97 96 93 35
16 96 71 60 75 76
16 60 62 25 16 89 35 83 93
71 1 62 14 18 17 14 73 61 8 14 73 61 8
15 5 76 89 26 40
71 1 62 36 68 54 33 93 54 21 89 0 83
76 20 39 54 93 39 14 18 17
93 39 26 96 65 0 58 28 76 20 39 54 93
71 28 61 66 73 54 62 54 27 15 54
84 14 11 9 83 58
54 62 5 55 76 62 54 39 54 93
47 58 21 75 71 71 1 62 69 16
20 39 54 26 40 96 6 63 57 1 53 89
14 73 61 8 54 62 5 75 51 86 96
75 55 24 76 59 21
76 54 93 48 21 62 16 70 28
54 62 5 17 69 46 16 53 13 71 1 62 28 97 52 71 1 39
17 69 46 61 48 54 28 97 1 80 62 89 62 0 28
17 69 46 61 48 54 54 76
55 42 54 66 0 58 28 33 93 21 18 78 71 17 69 46
96 69 69 85 27 15 36 68 54
54 15 62 84 14 11 9 83 58 54
96 6 63 57 1 53 89 28 97
17 69 46 61 48 54 28 97 52 71 1 39 71 39 75
1 80 62 89 62 0
14 73 61 8 48 21 76 20 39 54 93
54 21 39 89 0 83 54 62 5 55 62 48 21 75 15 55 24 76 62
71 16 28 75 96 6 63 57 1 53 89
35 54 23 17 8 93 19 16 53 13 54 14 73 8 96 69 69 62 12 68 58 3
54 62 5 55 76 62 35 54 62 93 32 60 68
26 40 16 53 12 28 75 52 60 76 20 39 54 93
37 35 54 84 11 9
36 68 54 76 14 73 61 8 96 69 69
17 69 46 41 71 35 16 12 62 12 68 23 17 93 19
54 62 5 55 76 62 48 21 71 1
71 1 62 17 69 46 61 48 54
17 69 46 61 48 54 36 68 54 76
59 96 74 63 53 1 62
26 40 55 42 54 66 52 71 1 39
16 53 13 54
71 28 71 61 66 52 71 1 39 71 1 62
41 71 71 1 62 69 16
84 14 11 9 83 58 54
54 21 39 89 0 83 16 62 25 16
62 53 69 21 54 23 17 8 93 48 21 85 27 15
48 21 54 35 54
59 21 62 62 12 68 54 11 62 25 54
75 51 15 86 96 35 54 33 93
48 21 26 40 17 69 46 61 48 54 96 69 69 47 58 21 75 71
15 5 76 14 73 61 8
42 54 66
17 69 61 48 54 41 71 17 69 46
84 14 11 9 58 48 21
1 39 52 60 12 98 84 37
76 20 39 54 93 2 60 69 54 62 5 55 76 62
14 21 71 28 71 61 66
96 14 20 71 59 21 62 35 54 71 28 71 61 66
2 60 69 96 69 69 9 7 71 93 52 25 69
17 69 61 48 54 71 48 21 16 53 12
52 71 1 39 14 73 61 8
27 76 20 39 54 93 52 71 39
36 68 54 76 71 85 27 15 14 73 61 8
39 14 18 54 62 5 83 75 98 26 14 73 61 8
71 29 96 54 73 17 76 26 28 75 52 60 71 1 39 97 96 2 60 69
36 68 54 76 28 61 20 35 63
16 60 25 16
73 76 96 28 75 60 71 1 62 28 97 23 17 8 93 19
54 62 5 55 76 62 35 54
47 58 21 75 71 68 54 76 35
71 62 71 93 39 26 96 65 35 83 93 84 14 11 83 58
74 3 48 62 60 14 68 41 33 93
55 42 54 66 16 28 75 59 96 74 63 53 1 62
96 69 69 54 21 39 89 0 83
85 27 15 36 68 54 76 14 21
54 11 62 25 54
17 69 46 61 48 54 16 96 71 60
71 71 42 54 16 53 12 71 1 62 41 41 84 55 85 42 76 66 62 71
39 62 95 93 32 93 39 26 96 65 28 61 20 35 63
60 69 26
71 28 71 61 66 14 73 61 8
42 83 84 70 8 96 69 69
76 20 39 54 93
35 54 33 93 52 1
71 28 71 61 16 96 71 60 62 85 27 26
84 76 70 83 75 98 26 39 14 18 17
62 53 69 21 17 69 46 61 48 54
76 39 54 96 69 69 17 69 46 61 48 54
71 1 62 85 27 15 14 21
12 98 84 37
11 62 25 54 48 21 60 69
23 17 8 19 28 97 35 37
17 69 46 61 48 54 14 52 52 71 39
2 60 69 97 96 15 5 76 89 78 39
96 6 63 57 1 53 89
9 7 71 93 52 25 69 42 83 84 70 8
71 1 62 35 37 1 80 62 89 62 0 28
14 73 61 8 26 40 14 52 39 18 17
0 58 54 1 80 62 62 0 28 54 62 5 55 76 62
17 69 46 61 48 41 41 84 55 85 42 76 66 62 71
93 42 83 84 8 40 29 85 96 54
0 58 28
48 21 40 35 54 42 83 84 70 8
58 3 54 71 1 62 52 71 1 39
35 37 17 69 46 84 14 11 9 83 58
96 69 69 76 20 39 54 93
76 20 39 54 93 71 39 71 28 71 61 66
96 69 69
84 14 11 9 83 58 54 21 39 89 0 42 71 80 62 71 63 95 97 32
80 62 71 63 95 97 32 39 14 17 96 69 69
12 98 37 71 59 21 62 96 6 63 57 1 53 89
54 11 62 25 54 35 54
1 62 97 96 71 28 71 61 66 60 14 68 41
7 21 7 35 54 16 96 71 60 37 96 69 69 16 53 13 54
17 69 46
58 2 71 84 8 83 71 54 62 5 55 76 62
54 11 62 25 54 71 62
84 14 11 9 83 58 52 71 1 39 54 28 61 20 35 63
9 7 71 93 52 25 69 60 14 68 41
71 1 62 96 6 63 57 1 53 89
76 20 39 54 93 54 11 62 25 54 33 93
35 37 1 80 62 89 62 0 28 96 69 69
54 11 25 54 39 14 18 17
93 78 39 73 84 23 17 8 93 19
54 62 5 55 76 62 7 21 98 14 54 11 62 25 54
39 14 18 17 71 28 71 61 66
28 75 52 60 62 53 69 21 54 23 17 8 93 19
60 54 62 5
26 40 1 80 62 89 62 0 28 16 60 62 25 16
54 54 21 39 89 0 83 16 96 71 60 62 58 3 73 17 76 26
96 69 69
96 69 69 28 75 52 42 83 84 70
26 40 97 96 54 21 39 89 0 83 96 69 69 17 69 46 61 54
35 37 0 58 28 7 21 98 14 14 73 61 8
0 58 28 36 68 54 76 17 46
54 62 25 54 96 69 69 26 40
42 83 84 70 8 97 96 17 69 46
71 48 21 14 73 61 8 14 73 61 8 16 53 13 54
36 68 54 76 59 96 74 63 53 1 62
96 69 63 12 84 93 39 26 96 65
96 16 53 12 28 75 52 60 9 7 71 93 52 25 69
1 62 89 62 0 28 26 40 36 68 54 76
62 5 55 76 62 54 62 5
84 83 54 29 62 76 20 39 93 16 53 13 54
7 21 7 35 54 96 69 69
14 73 61 8 54 54 21 39 89 0 35 54
14 73 61 8 35 54
62 53 69 21 71 28 71 61 66 59 96 74 63 53 62
84 70 35 1 80 62 89 62 0 28
1 80 62 89 62 0 28 73 76 96
54 62 5 55 76 62
28 61 35 63 71 1 62 71 71 7 21 7 35 54
28 61 20 35 63
84 14 11 83 58 26 40
33 93 14 21 75 76 15 5 76 89
7 21 7 35 54 54 14 36
17 69 46 61 48 54 41 71 71 48
0 58 3 54 62 16 28 75
71 28 71 61 66 0 58 28 9 7 71 93 52 25 69
36 68 54 76 26 40 26 40 75 15 55 76 62 17 69 61 48 54
71 14 73 61 8 76 20 39 54 93 71 76 20 39 54 93
48 69 80 62 36 68 54 76 0 58 3 54
1 80 62 89 62 0 28 83 75 98 26 14 73 61 8
17 69 46 61 48 54 62 96 14 83 20
76 20 39 54 93 39 14 18 17
0 58 28 54 62 5 17 69 46 61 48 54
80 62 71 63 95 97 32
0 58 28
17 69 46 61 48 54 62 12 68
14 73 61 8 26 40 52 71 1 39
14 73 61 8
84 83 54 29 62 21 78 39 84 59 62 28 97
26 40 71 1 62 54 62 5 76 62
78 39 73 84 73 17 76 26
54 62 5 55 76 62 71 39 75
97 96 76 20 39 54 93
26 40 39 14 17 76 20 39 54 93
96 6 63 57 53 89 14 21 17 69 46 61 48 54
96 69 69 33 93 1 80 62 89 62 0 28
96 69 69 73 17 76 26 68 54 28 75 52 60
60 47 58 75 71 48 21
54 68 73 76 96
76 20 39 54 93 76 20 39 54 93
60 14 68 16 53 12 54 21 39 89 0 83
1 80 62 89 62 0 28 17 69 46 61 48 54
0 58 3 54 48 21 54 62 5 55 76 62
35 9 7 71 93 52 25 69
36 68 54 76 7 21 98 14 28 97 14 61 8 60 62 16
11 62 25 54 54 76 39 54 93 83 75 98 26
14 21 71 1 62
54 62 5 14 21 56 23 32 54 62 5 55 76 62
84 14 11 9 83 58 28 71 1 62 28 75 52 60
46 36 68 54 76 60 14 68 41
14 73 61 8 52 71 1 39
16 96 71 60 96 75 51 15 86 96 54 62 5 42 83 84 70 8
26 40 0 58 28 52 71 1 39
84 14 11 9 83 58 35 54 7
14 73 61 8
54 11 62 25 54
54 21 39 89 0 83
85 27 14 21 66 71 1 39
85 27 15 36 68 54 76 76 20 39 54
28 75 52 60 28 75 52 60 0 58 28
54 11 62 25 54 71 1 62 16 53 12
16 13 54 26 40 33 93 85 27 15
71 17 69 46 71 28 71 61 66 48 69 80 62
71 33 93 28 75 52 60 14 73 61 8
26 40 0 28 14 21 35 37
76 20 39 54 93
80 62 71 63 95 97 32 54 62 5
9 7 71 93 52 25 69 62 95 93 32
28 61 20 35 63
14 73 61 8 69 46 80 62 71 63 95 97 32 12 98 84 37
17 69 46 0 58 3 54 71 39 75 54
75 51 15 86 96 76 20 54 93 14 73 61 8
71 28 71 61 66 0 58 28 71
14 21 66 35 54 16 60 62 25 59 96 74 53 1 62
54 68 71 17 69 46
17 69 46 96
0 58 3 54 96 69 69 14 73 61 8 71
0 58 3 54 35 54 33 93 71 28 71 61 66 54
98 71 76 20 39 54 93
42 83 70 8 98 71 9 7 71 93 52 25 69
48 69 80 62 14 18 17
76 20 39 54 93 12 68 96 69 69
14 73 61 8 76 20 39 54 93 97 96 48 21
71 28 71 61 66 26 40 12 98 84 37
71 1 62 59 96 74 63 53 1 62
14 73 61 75 15 55 24 76 62 71 28 71 61 66
29 85 96 54 47 58 21 75 71
59 96 74 63 53 1 62 26 40
17 69 46 61 48 54 54 21 39 89 0 83
17 69 61 48 54 2 60 69 36 68 54 76
84 14 11 9 83 58 17 69 46 61 54
71 75 71 1 62 93 35
84 83 54 29 62 36 68 54 76 52 71 1
14 21 0 58 3 54 71 28 71 61 66
54 62 53 21 71 28 71 61 66
28 75 52 60 16 53 54 26 40 96 6 63 57 1 53 89
59 21 62 12 98 84 37 73 17 76 26
41 84 55 85 42 76 66 62 71
0 58 3 75 15 55 24 76 62
14 73 61 8 26 40 41 71 2 60 69 97 96
59 96 74 63 53 1 62
54 11 62 25 54 54 62 5 16 53 12 14 73 61 8
28 61 20 35 63
85 27 26 78 73 84
54 62 5 55 76 62
75 15 55 24 76 62 98 71
48 21 62 16 70 28 75 41 41 84 55 85 42 76 66 62 71
14 73 61 8 54 62 5 55 76 62
23 17 8 93 19 40 39 14 18 17
17 69 46 61 48 54 71 54 62 5 55 76 62
71 54 62 5 55 76 62
28 61 20 35 63 58 2 84 8 83 0 58 3 54
52 71 1 39 33 93 54 11 62 54
42 83 84 70 8 84 14 11 9 83 58 62 71 63 95 97 32
48 21 0 58 28 26 84 14 11 9 58
36 1 75 52 60 84 14 9 83 58
76 20 39 54 54 62 5 55 76 62 54 68 16 28 75
52 71 39 17 69 46 61 48 54
71 20 55 89 11 73 61 8
96 69 69 14 73 61 8 35 37 54 62 5 55 76 62
76 20 39 54 93 48 21 28 75 52 60 53 69 21
48 21 28 75 52 60 35 54 62 53 69 21
54 62 5 96 6 63 57 1 53 89 75 51 15 86 96
14 73 61 8 97 96 71
71 1 62 14 73 61 8
0 58 3 54 14 73 61 8 59 96 74 63 53 1 62
58 3 54 35 96 69 69 71 1 39
73 8 54 62 35 54 71 1 62
71 28 71 61 66 71 1 62 73 17 76 26
83 75 98 26
35 54 54 62 5 52 71 1 39 54
59 96 74 53 62 54 62 5 55 76 62
41 41 84 55 85 42 76 66 62 71 96 69 69
54 62 5 55 76 62 71 20 55 89 11
41 71 71 1 62 54 11 62 25 54 28 75 60 96 69 69
7 21 98 14 73 17 76 26
7 21 7 35 54
35 54 80 62 71 63 95 97 32 60 14 68 41
93 35 23 17 8 93 19 7 21 98 14
52 71 1 39 16 12
71 1 62 14 73 61 8
28 75 52 60 2 60 69 48 69 80 62
28 75 52 98 71 85 27 15
39 75 97 96 17 69 46 54 62 5 55 76 62
76 20 39 54 93 26 40 76 20 54 93
96 69 69
93 39 26 96 65
9 7 93 52 69 28 75 52 60
14 73 61 8
46 71 71 1 62 35 54 97
97 17 69 61 48 54
54 62 5 55 76 62 52 1 39 54 68
85 27 15 62 53 69 21 75 76 1 80 62 89 62 0 28
75 15 55 24 76 62 61 20 35 63
71 1 62 71 26 40 35 54
96 69 69 75 15 55 24 76 62
2 60 69 17 69 46 14 21 28 61 20 35 63 71
1 80 62 89 62 0 28 48 21
54 11 62 25 54 28 75 52 60
75 15 55 24 76 62 36 68 54 76 0 58 28
71 1 62 54 68 54 33 55 42 54 66 54 26 40
17 69 46 96 69 69 28 52 60 41 41 84 55 85 42 76 66 62 71
58 2 71 84 8 83
54 62 5 76 62
9 7 71 93 52 25 69
73 54 15 62 17 69 46
28 75 52 60 17 69 46 84 83 54 29 62
36 68 54 76 16 53 13 54 80 62 71 63 95 97 32
35 54 2 60 69 2 84 76 97 96
54 21 39 89 0 83
35 54 33 93 17 69 61 48 54
75 15 55 24 76 62
76 20 39 54 93 76 20 39 54 93
76 20 39 54 93 75 51 15 86 96
97 16 53 41 71 7 21 7 35 54
52 71 1 39 61 20 35 63 26 40 75 15 55 24 76 62
93 35 59 21 62 1 80 62 89 62 0 28
7 21 7 35 54 83 75 98 26
54
17 69 46 61 48 54 73 17 76 26 83 98 93 35
84 14 11 9 83 58 60 62 84 70 8 96 69 69
39 14 18 17 28 75 52 60 73 76 96
28 75 52 60 73 76 96 17 69 46 61 48 54
93 35 16 53 12 28 75 52 60 1 62 41 14 73 61 8
7 21 7 35 54
76 20 39 54 93 54 11 62 25 54
52 71 1 39 54 21 39 89 0 83
1 80 62 89 62 0 28 69 46
96 6 63 57 1 53 89
23 17 8 93 19 52 71 1 39 7 54 50 41 69
84 9 83 58 54 11 62 25 54 28 97
74 3 48 62 28 52 60 98
93 35 59 96 63 53 1 62 76 39 54 93 16 53 12
98 71 96 69 69
52 71 1 39 14 73 61 8 85 27 15
54 62 5 55 76 62 96 69 69
14 73 61 14 61 8 48 21 54 28 75 52 60 0 58 3 54
96 6 63 57 1 53 89 16 12
54 11 25 54 58 2 71 84 8 83 14 73 61 8
74 3 48 39 62 26 40 71
42 83 84 70 8
14 73 61 8 76 20 39 54 93 71 1 62
9 7 71 93 52 25 69 28 97 26 40
16 96 71 60 62 78 39 73 84 28
39 14 18 17 71 54 62 5
41 41 84 55 85 42 76 66 62 71 96 69 69
89 15
26 40 26 40 0 58 28 85 27 26
9 7 71 93 52 25 69
76 20 39 54 93
33 93 71 1 62
93 35 71 39 75 76 20 39 54 93
17 69 46 61 48 54
14 73 61 8 54 21 39 89 0 83 16 12 54 11 62 25 54
71 75 55 62 48 14 61 8
17 69 46 54 85 27 15
0 58 28 52 71 1 39 35 37 26 40
42 83 84 70 8 17 69 46 42 83 84 70 8
75 15 55 24 76 62 14 73 61 8
41 71 41 2 60 69 41 41 84 55 85 42 76 66 62 71
71 1 80 62 89 62 0 28 71 1 62 0 58 28
17 69 46 48 54 76 20 39 54 93 84 76 28 61 20 35 63
7 21 7 35 54 35 37 14 73 61
73 58 78 52 33 93 59 21 62
76 20 39 54 93 96 69 69
73 61 8 55 42 54 66 54 62 5 55 76 62
76 20 39 54 93
62 53 69 21
33 93 14 73 61 8 96 74 63 53 1 62
75 15 55 24 76 62 28 75 52 60 52 71 26 40
54 11 62 25 54
59 96 74 63 53 62 96 6 63 57 1 53 89
93 62 54 71
98 71 52 71 1 39 7 69
5 76 89 96 69 69 39 14 18 17 16 53 13 54
17 69 46 61 48 54 59 96 74 63 53 1 62
54 62 5 55 76 62 17 69 46 61 48 54
39 14 18 17 20 55 89 11 17 69 46 61 48 54 85 27 15
62 16 70 28 75 96 69 69
16 53 13 26 40
54 11 62 25
47 58 21 75 71 75 51 15 86 96
76 20 39 54 93 76 20 54 93 60 14 68 41 71
17 69 46 61 48 54 7 21 7 35 54 54 68 54
71 48 21 96 69 69 16 60 62 25 16 97 96
47 58 21 75 71
26 40 35
23 17 8 93 19 54 68 80 62 89 71 39 14 17
54 62 5 55 76 62 71 96 74 63 53 1 62
75 15 55 24 76 62 96 69 69
28 75 52 39 14 18 17 54 62
54 21 39 89 0 83 36 68 54 76 96 69 69
69 16 71 1 62 42 83 84 70 8
54 21 39 89 0 83 54 11 62 25 54
60 14 68 41 96 69 69 54 11 62 25 54 28 75 52 60
85 27 15 26 73 17 76 26
17 69 46 61 48 54 54 17 69 46 61 48 54
54 17 69 46 61 48 54 33 93 83 75 98 26
42 84 70 8
41 71 75 51 15 86 96 16 60 16
21 89 83 83 75 98 26 54 11 62 25 54
29 85 16 53 13 54 17 69 46 59 96 74 63 53 1 62
52 71 39 71 1 62
28 61 20 35 63 35 54
39 14 18 17 39 14 18 17 59 96 74 63 53 1 62
54 62 5 55 76 62 54 62 5
69 46 84 14 11 9 83 58
73 17 76 26 98 71 16 53 12
28 61 20 35 63
54 26 40 2 60 69 54 68 26
9 7 71 93 52 25 69 54 62 25 54 17 69 14 73 61 8
48 69 80 62 42 83 84 70 8
42 84 70 8 71 9 7 71 93 52 25 69
21 56 23 32 14 73 61 8
52 71 39 33 93 60 14 68 41 26 40 14 73 61 8
35 93 0 58 28 71 28 71 61 66
14 73 61 8
76 93 2 60 69 71 66 54 0 58 3 54 26 40
28 75 52 60 76 20 39 54 93
7 54 50 41 69 52 71 1 39
98 71 20 55 89 11 33 93
84 83 54 29 62 84 14 11 9 58 7 21 7 35 54
52 71 1 39 1 62 71 73 76 96
0 58 28 71 1 62 71
28 75 52 60 71 83 84 8
17 69 46 54 68 96 69 69 48 7 71 93 52 25 69 48 21
14 73 61 8
52 71 1 39 26 40 85 15 36 68 54 76
41 41 84 55 85 42 66 62 71
54 11 62 25 54 12 98 84
54 62 5 55 76 62 14 73 61 8 93 16 28 75 52 71 1 39
41 71 52 71 39 54 68 35 37 59 96 74 63 53 1 62
71 59 96 74 63 53 1 62
14 73 61 8 33 28 61 20 35 63 14 73 61 8
47 21 75 71 26 40 0 58 3
84 83 54 29 62 14 73 61 8
26 40 52 71 1 39
78 39 73 84 54 62 5 54 35 37
52 71 1 39
75 76 39 75
9 7 71 93 52 25 69 16 53 13 54
9 7 71 93 52 25 69 62 70 28 75
28 75 52 2 60 69 14 73 61 26 40
0 58 3 54 28 61 20 35 63
71 1 62 20 54 93
85 27 28 60 54 68 71 54 62 5 55 76 62
96 69 69 17 69 46 97 96 33 93
14 73 61 8 36 54 76 71 28 61 66 23 17 8 93 19
96 6 63 57 1 53 89 28
17 69 46 93 62 54 71 65 26 40 71
14 21 0 58 28 26 40 48 21 16 53 13 54
76 20 39 54 93 16 60 62 25 16 54 16 53 13 54
85 27 15 17 46 61 48 54 36 68 54 76 85 27 15
26 40 54 62 5
28 75 52 60 76 20 39 54 93
52 71 1 39 28 75 52 60
62 53 21 71 1 62 28 97 26 40
54 21 39 0 83 28 97
96 6 63 57 1 53 89 33 93
71 1 62 47 58 75 40
16 53 13 54 28 75 52 60
39 14 18 17
96 69 69 36 68 54 76 71 28 71 61 66 58 28
16 53 12 41 71
17 69 46 54 21 39 89 0 83
76 39 93 0 58 3 54 2 60 69
17 69 61 48 54 2 60 17 69 46
14 73 61 8 60 14 68 41 96 69 69
75 15 55 24 76 62 71 71 1 62
9 7 71 93 52 25 69 75 76 0 58 3 54
33 93 42 83 84 70 8 78 39 73 84
71 28 71 61 66 2 60 69 93 35
35 54 84 14 11 9 83 58 23 17 8 93 19
28 97 71 1 62 16 60 62 25 16
42 83 84 8 29 85 54 96 69 69 40
71 28 71 61 66 52 71 1 39 60 71 1 62 16 60 25 16 96 69 69
54 62 5 55 76 62 1 80 62 89 62 0 28
71 1 16 60 62 25 16 73 17 76 26
71 1 71 97 96 71 54 62
71 28 71 61 66 54 62 5
48 33 93 96 69 69 48 21 16 28 75
96 6 63 57 1 53 89 16 53 13 54 1 80 62 89 62 0 28
47 58 75 71 71 1 62 71 9 7 93 52 25
14 73 61 8
98 71 96 69 69 28 75 52 60 96 69 69
2 60 69 96 69 69 62 12 68 17 69 46
98 71 71 71 1 62 14 61 8
59 96 74 63 53 1 62 97 96 93 35 71 39 75
26 40 85 27 85 27 15 73 58 78 52
54 62 5 55 76 62 68
26 40 62 16 70 28 75 83 70 8 62 12 68
28 71 61 66 76 20 39 54 93
52 71 1 39 71 39 75 48 21
85 27 15 96 69 69 2 69 78 39 73 84
28 97 35 54 16 28 75 54 21 89 0 83
71 54 11 62 25 54
48 69 80 62 96 71 60
26 40 97 96
52 71 1 39 47 58 21 75 71 14 73 61 8
54 96 69 69 54 62 5 55 76 62
39 14 18 17 47 58 21 75 71
48 21 71 39 75 2 69
93 62 54 71 65 42 83 70 8
16 53 52 71 1 39 16 53 13 54
16 53 13 54 75 76 96 69 69 26 40
7 21 7 35 54 97 96
76 20 39 54 93 54 62 5
14 73 61 8 28 61 20 35 63
54 62 5 55 76 62
75 51 15 86 96 96 69 69 54 62 5 55 76 62
54 62 5 55 76 62 96 6 63 57 1 53 89
14 73 61 8 54 68
78 39 73 84 9 7 71 93 52 25 69
14 85 36 26 40 96 69 63 12 84
40 7 21 7 35 54 52 71 1 39 52 71 1 35 37
17 69 46 61 48 54 42 83 84 70 8
71 54 5 76 20 39 54
93 35 28 61 20 35 63
26 40 54 62 5 55 76 62 85 27 15 97 96
54 68 39 14 17 62 53 69 21 39 71 1 62
54 62 5 96 69 69 54 21 39 89 0 83 35 37 16 53 52 1
93 62 54 71 65 73 17 76 26 17 69 46 61 48 54
7 21 7 35 54 36 68 54 76
71 41 71 39 73
73 76 96 84 76 70
14 21 23 17 8 93 28 61 20 35 63 16 53 13 54
96 6 63 57 1 53 89 9 71 93 52 25 69
93 35 39 14 18 17 28 61 20 35 63
75 76 52 71 1 39 20 39 54 93 59 21 62 97 96 75 15 55 24 76 62
98 71 85 27 15 71 28 71 61 66
48 21 76 20 39 54 93 71 1 62
28 75 52 60 59 96 74 63 53 1 62 52 71 1 39
78 39 73 84 71 1 54 62 5 55 76 62
54 11 62 25 54 28 75 52 60 78 39 73 84
17 69 46 61 54 98 71
1 80 62 89 62 0 28 76 20 39 54 93 14 21
84 14 11 9 83 58 35 54 96 69 69
71 28 71 61 66 28 75 52 60
71 1 62 71 1 62 98 71 97 96 36 68 54 76
60 14 68 41 54 68 83 75 98 26 28 97 16 53 12
73 76 96 98 52 71 1 39 42 83 70 8 39 14 17 16 60 62 25 16
28 61 20 35 63 52 71 1 39
54 62 5 55 76 62 48 21 42 83 84 70 8
15 35 54 16 28 75 96 69 69
14 73 61 8 40 71 20 55 89 11 16 60 62 25
26 40 84 83 54 29 62 85 15 60 14 41
52 71 1 39 71 1 62 35 54
71 1 62
71 1 62 28 75 52 60 98 71
28 97 28 61 20 35 63 71 85 27 15
14 73 61 8 62 95 93 32 21
96 6 63 57 1 53 89 35
54 62 5 55 76 62 84 14 11 9 83 58
39 14 18 75 15 55 24 76 62
48 69 80 62
16 12 54 35 37 28 61 20 35 63
17 69 46 7 21 7 35 54 39 18 17
54 11 62 54 75 15 55 24 76 62
98 71 48 21 97 96
61 20 35 63 41 71 54 39 75 76 20 39 54 93
14 21 16 70 28 75 16 53 13
9 7 71 93 52 25 69 75 15 55 24 62
14 73 61 8 14 73 61 8 29 85 96 54
42 83 70 8 59 96 74 63 53 1
16 53 12 54 76 20 39 54 93
2 60 69 42 83 84 62 5 76 62
0 58 3 54 71 28 71 61 66
76 20 39 54 26 40 96 69 69 69 46
54 62 5 55 76 62 59 96 74 63 53 1 62
93 35 98 71 76 20 54 93 54 68 96 14 73 61 8
84 14 11 9 83 58 28 61 20 35 63
76 20 39 54 93 0 58 3 54
54 11 62 25 54 73 76 96 16 53 13 54 71 1 62 54 11 62 25 54
54 62 5 47 58 21 75 71 0 58 28
52 71 39 71 1 62
83 70 8 96 69 69
84 83 54 29 62
76 20 39 54 93 39 14 18 17 71 29 85 96 54
59 96 74 63 53 1 62 75 76 71 75 15 55 24 76 62
47 58 21 75 71
39 14 18 17 2 60 69
85 27 15 96 69 63 12 84 71 93
71 28 71 61 66 85 27 15 71 35 37 48 21 96 6 63 57 1 53
97 96 76 39 54 93
52 71 1 39 71 1 62 14 73 61 8
36 68 54 76 16 53 13 54 71
16 53 13 54 96 69 69
32 59 93 96 69 69 76 20 39 54 93 98 71 71 20 55 89 11
54 11 62 25 54 96 69 69 85 27 15
52 71 1 39 54 16 96 60 62
14 73 61 8
71 1 62 54 62 5 55 76 62 14 18 17 76
96 6 63 57 1 53 89 0 58 3 54 48
96 69 69 52 71 1 39
96 6 63 57 1 53 89 97 96 71
47 58 21 75 98 71 39 14 18 17 33 93 12 98 84 37
52 71 1 39 26 40 60 14 68 41
54 62 5 55 76 62 14 21 14 73 61 8 71 28 71 61 66
28 75 52 60 9 7 71 93 52 25 69 98 71
28 75 52 60
14 73 61 8 0 58 54
62 12 76 20 39 93 93 35
75 15 55 24 76 62 97 96 48 21 60 14 68 41
52 71 1 39 54 62 5 76 62
78 39 84 47 58 21 75 71
83 75 98 26 42 83 8 35 54 16 60 62 25 16
52 1 39 62 95 93
41 41 84 55 85 42 76 66 62 73 76 96
26 14 73 61 8 76 20 39 54 93 9 7 71 93 52 25 69
59 96 74 63 53 1 62 85 27 15 93 35
71 1 62 36 68 54 76 54 62 5 55 76 62
75 15 55 24 76 62 98 71 96 69 69
71 1 62 73 96 62 12 68 23 17 8 93 19
28 97 16 53 54 71 83 75 98 26
16 83 84 70 8 48 21 60 14 68 41 1
75 15 55 24 76 62 0 58 3 54
71 59 21 62 28 61 20 35 63 54 11 62 25 54 48 21
96 6 63 1 53 89 84 76 70
16 28 75 78 73 84 1 80 62 89 62 0 28
29 85 96 54 58 78 52
71 28 71 66 28 52 0 58
71 1 62
54 23 17 93 19
23 17 8 93 19 96 69 69
96 69 69 73 76 96 17 69 46 61 48 54 71 28 71 61 66
2 60 69 97 96
71 28 71 61 66 35 37 28 75 60
71 20 55 89 11 54
7 21 98 14 71 37 33 93 26 40 23 8 93 19
0 58 28
26 40 39 14 18 17
71 1 62 2 60 69 52 71 39 76 20 39 54 93
76 20 39 54 93 73 61 8 17 69 46 61 48 54
28 75 52 60 96 69 69 98 71
28 75 52 60
23 17 8 93 19 54 39 89 0 83
14 73 61 8 62 95 93 32 71 98 71
17 69 46 61 48 54 96 69 69
59 21 62 2 69
54 11 62 25 54 71 1 39 69 16 16 53 13 54
7 54 41 69 26 40 42 70 8
54 62 5 54 11 62 25 54 2 60 69 73 17 76 26
17 69 46 61 48 54
75 15 55 24 76 62 54 21 39 89 0 83 42 84
54 62 5 55 76 62 12 98 84 37 41 71 28 75 52 60
16 60 62 25 16 54 68
75 26 71 28 71 61 66 54
14 73 61 35 37 0 58 28 54 68 17 69 46
20 39 54 93 14 21 14 73 61 8 71
36 68 54 76 28 61 20 35 63 48 21 71 71
60 14 68 41 71 1 62
17 69 46 61 48 54
17 69 46 54 62 54 21 39 89 0 83 17 69 7 98
14 73 61 8 16 60 62 25 16 17 69 46
54 11 62 25 54 26 40
54 33 93 85 27 15
47 58 21 75 71
54 21 39 89 0 12 98 84 37 69 16
84 76 85 27 26 28 61 20 35 63
14 73 61 8 48 21 26 40 33 93 75 15 55 24 76 62
69 16 54 5 26 40 17 69 46 48 54 41 71 26 40
42 83 84 70 48 21
78 39 73 84 28 75 52
96 69 69 52 20 39 54 93
1 80 62 89 62 0 28
52 71 1 75 51 15 86 96
35 54 97 96 15 76 14 32 73 54 15 62 53 69 21
54 78 39 73 84 98 84 37 98 71
59 96 74 63 53 1 62 14 52 28 97 12 16 53 13 54
78 39 73 84 35 83 93
71 28 71 61 66 69 46 61 48 54
23 17 8 93 19 17 69 46 54 62 5 96 69 69
16 53 13 54
9 7 71 93 52 25 69
0 58 3 54 54 11 62 25 54
23 17 8 93 19
55 42 54 66 52 71 1 39
7 21 7 35 54 71 1 62
17 69 46 53 13 54 96 69 69 71 28 71 61 66
7 21 7 35 54 80 62 71 63 95 97 32
48 21 17 69 46 76 96 97 96
16 53 71 11 62 25 54 16 60 62 25 16
71 54 11 62 25 54 16 60 62 25 16 97 96
97 14 21 33 93 85 27 15
75 55 76 62 54 11 62 25 54 54 68
28 61 20 35 63 96 6 63 57 1 53 89 62 53 21
54 68 16 28 75 28 97 12 98 84 37
54 71 1 62 42 83 84 70
1 80 62 89 62 0 28
62 53 69 21 39 14 18 17 71 20 55 89 11
28 97 48 21 0 58 28
28 61 20 35 63 59 21 62 35 37
71 20 55 89 11 73 76 96 97 96 26 28 75 52
54 21 39 89 0 83
33 93 54 26 40 42 83 84 70 8
71 1 62 53 69 21 17 69 46 61 48 54
0 58 3 54 35 9 7 71 93 52 25 69 54
28 61 20 35 63 42 83 84 8
0 58 28 76 39 54 93 78 39 73 84
26 40 71 54 68 35 54 54 76 20 39 54 93
26 40
96 69 63 12 84 54 62 5 55 76 62
14 9 83 58 17 69 46 61 48 54 76 20 39 54 93
33 93 54 11 54 54 21 39 89 0 83 98 71
52 71 1 39 36 68 54 76 39 14 17
28 61 20 35 63 54 62 5 55 76 62 54 11 62 25 54
1 62 89 62 0 28 97 96 42 83 84 70 8
16 53 13 54 33 93 54 83 75 26
58 28 36 68 54 35 54
17 69 46 61 48 54
48 21 15 5 76 89 71 26 40
71 1 62
42 83 84 70 8 0 58 3 54 98 84 37
96 69 69 74 3 48 39 62 36 68 54 76
9 7 71 93 52 25 69
48 21 54 54 26 40 1 80 62 89 62 0 28
97 96
73 58 78 52 59 96 74 63 53 1 62 75 52 52 71 1 39 36 68 54 76
14 73 61 8 26 71 1 62 62 71 1 62
59 21 62 54 76 39
16 96 71 60 62
75 15 55 24 76 62 52 71 1 39
62 53 69 21
54 16 28 75 35 37 33 48 21 75 51 15 86 96
17 69 46 61 48 54 14 73 61 8
35 54 14 73 61 8
75 51 15 86 96 17 69 46 61 48 54 54 62
0 58 28 71 28 71 61 66 16 13 54
41 41 84 55 85 42 76 66 62 71
17 69 46 61 48 54 26 40
39 14 18 17 85 27 26
52 71 1 39 84 14 11 9 83 58 1 80 62 89 62 0 28
58 71 54 62 5 55 76 62 54 68 58
96 69 69 96 69 69
84 14 11 9 83 58
17 69 46 61 48 54 0 58 3 54 85 15
2 60 69 2 60 69
96 6 63 57 1 53 89 16 53 13 54 85 27 15
23 17 8 93 19 71 71
54 73 17 76 26 54 68 41 41 84 55 85 42 76 71
16 53 12 71 28 71 61 66 33 93 73 76 96
16 53 54 28 75 52 60 17 69 46 96 69 69
17 69 46 71 28 71 61 66 2 60 69
23 17 8 93 19 28 75 52 60 2 60 69
54 52 71 1 39 35 54
52 71 1 39 48 21 85 27 15 58 3 54 48 21
2 60 69 7 21 98 14 2 60 69
71 1 39 14 73 61 8 71 1 84 11 58
48 21 2 60 69 17 69 46 71 28 71 61 66 62 95 93 32
48 21 73 76 96 76 39 54 93 28 97
97 96 71 96 69 69 76 20 39 54 93 96 69 69
36 68 54 76 52 71 1 39 98
35 37 73 58 52 71 1 62 28 61 20 35 63
59 96 74 63 53 1 62 52 71 1 39
76 20 39 54 93 0 58 28
55 42 54 66 14 85 36
16 53 13 54 27 26 62 5 76 20 39 54 93
58 2 71 84 8
54 11 62 25 54 84 14 11 9 83 58
0 58 3 54 1 80 62 89 62 0 28 17 69 46 61 48 54
28 97 52 71 1 39 17 69 46 61 48 54 39 14 18 17
78 39 73 84 85 27 15 28 97
23 17 8 93 19 48 21 14 21 66
40 76 20 39 54 93 52 71 1 39
96 69 69 52 71 1 39
0 58 28 7 71 93 52 25 69 96 69 69
36 68 54 98 71
84 76 96 69 69 85 27 36 68 54 76
54 62 5 55 76 62
71 1 62 93 35 98 71
71 62 71 1 62 39 14 18 17
71 28 71 61 66 97 2 60 69
28 75 52 60 71 20 55 89 11 54 68
52 71 1 39 71 71 1 62 71 2 60
96 36 68 54 76 14 73 61 54 48 21
42 83 84 70 8
14 73 61 8 71 84 76 70 17 69 46 61 48 54
59 96 74 63 53 1 62 35 37
37 96 69 69 96 6 63 57 1 53 89
71 1 62 84 14 11 9 83 58
84 14 11 9 83 58
14 73 61 8 28 75 52 60 62 53 69 21 54
54 11 62 25 54 2 60 69 84 76 70
75 15 55 24 76 62 75 52 60
78 39 73 84
84 14 11 9 83 58
23 17 8 93 19 54 36 68 54 76
17 69 46 61 48 54 80 62 71 63 95 97 32
52 71 1 39 62 95 93 32 60 14 68 41
33 93 59 96 74 63 53 1 62 69 16 53 13 54 17 69 46 61 48 54
17 69 46 61 48 60 14 68 41
26 40 54 62 5 41 71 83 75 98 26
0 58 3 54 33 93
28 52 60 71 1 62 0 58 28 29 85 96 16 60 62 25 16
75 51 15 86 96 23 17 8 93 19
54 14 73 61 8
35 54 7 7 35 27 15
39 14 18 17 33 93 76 20 39 54 93
28 61 20 35 63 71 1 39
54 62 5 55 76 62 48 21
17 69 46 48 21 47 58 21 75 71
83 75 98 2 60 69 48 69 80 62
71 28 71 61 66 23 17 8 93 19
54 17 69 46 61 48 54
54 62 5 55 76 62 47 58 21 75 71 80 62 71 63 95 97 32
48 69 80 62 71 83 78 39 73 84
36 68 54 76 16 53 13 54 96 69 69 26 40 40 52 71 1 39
73 61 8 85 27 26 23 17 8 19
75 15 24 76 62 62 16 70 28 75 33 93 71 17 69 46 61 48 54
54 59 21 17 69 46 62 16 70 28 75 28 97 17 69 46 61 48 54
84 76 70 76 20 54 16 53 12
