75 15 55 24 76 62
35 54 62 9 20 51 9 54 24 56 65 5
35 40 93 84 53 17 21 96 69 69
84 14 11 9 83 58 46 43 76 76 20 39 54 93 59 21 62
26 24 52 56 83 0 54 68 26 83 57
41 14 67 66 98 60 85 27 0 58 3 54
16 62 73 16 62 73 48 21 20 0 2 61
96 69 69 26 40 21 21 65 27 15 21 65 54 93
54 68 28 75 52 60
28 61 20 35 63 71 1 62 54 11 62 25
62 56 54 12 81 60 75 31 89
26 24 52 56 83 0 54 24 70 62
65 5 93 93 17 68
36 71 96 69 69
21 21 65 45 59 16 28 14 73 61 8
54 20 0 2 61 64 83 24 84 24 43 59
15 41 14 67 66 98 60 43 54 62 93
35 40 93 70 62 52 1 39
54 76 23 17 8 93 19 43 54 62 93 14 61 8
64 83 24 84 98 62 43 54 62
41 84 55 85 42 76 66 62 71
36 68 15 41 14 67 66 35 40 93 14 85
56 54 70 17 69 46 61 48 54
17 59 54 21 35 54 28 75 52 86 80 26 40
26 40 35 54 96 95 60 54 76 60 93 15 76 93 66 35 71
54 62 5 55 62
96 95 60 54 76 60 77 2 26
35 40 48 21 71 16 62 73
54 62 5 55 76 62 52 21 93 60 33 93
35 54 0 58 28 95 63 14 62 35 40 93
45 52 84 59 32 62 41 41 84 55 85 42 76 66 62 71
16 96 71 60 62
2 60 69 43 54 62 93
96 69 63 12 84 96 69 69
84 14 11 9 83 58 34 53 84 86
65 65 16 53 13 54
60 14 68 41 86 80 53 0 62
84 53
35 54 14 62
21 21 65 17 59 54 21 54
62 16 70 28 75 1 80 62 89 62 0 28
26 24 52 56 83 0 28 61 20 35 63
15 5 76 89 71 54 36 54 1 80 62 89 62 0 28
83 75 98 26
85 27 26 21 85 14 93 26
35 40 93 16 53 13 54
62 62 83 62 32 59 62 51
71 20 55 89 11 96 69 69
17 69 46 17 69 46 61 48 54
96 69 69 64 3 83 24 84 24
84 14 11 9 83 58 35 54
17 69 46 61 48 54
65 5 20 54 93 0 58 3 54
9 7 71 93 52 25 69 54 48 71 62 73
62 50 54 76 40 73 14 56
9 7 71 93 52 25 69
14 73 61 8 62 56 54 12 81
71 28 71 61 66 52 71 1
60 60 54 76 60 96 69 69 62 53 69 21 26 83 57
71 28 71 61 66 9 7 71 93 52 25 69
17 21 62 62 83 35 40 93
16 53 13 54 48 21 48 69 80 62
85 27 15 15 84 95 63 14 62
39 14 18 17 54 71 83 70 8 84 76 70
60 60 76 60 85 54 17 93 35 83 93
7 21 7 35 54
65 83 84 88 43 54 62 93
43 59 71 35 93 40 34 60 53 20 0 2 61
93 5 15 54 26 40 27 15 78 39 84
20 0 2 61 93 95 84 97 70 96 69 69 16 53 13 54
1 2 60 69 14 73 61 8 39 14
15 41 14 67 66 54 62 5
26 40 48 21 14 73 61 8
12 27 93 63 35 40 93 54 15 62
53 62 54 5 75 52 20 0 2 43 54 62 93
93 54 71 65 43 54 62 93 64 83 24 84 46 76
20 0 2 61 53 0 62 45 59 16 28
43 54 62 93 53 0 62 69 16 62 52 83
54 62 5 43 54 62 93 16 62 62 53 69 21 16 53 13
28 75 52 76 20 39 54 93 59 85 54 17 93
28 61 20 35 63
54 21 39 89 0 83
35 40 93 52 84 61 69 73 1 80 62 89 62 0 28
86 80 16 62 73 39 73 84
1 39 16 28 75 17 21 16 53 13 54
43 59 20 39 54 93 93 35 62 71 28 71 61 66
71 54 95 60 54 76 60
35 50 15 41 14 67 66 17 69 46 61 48 54
62 62 83 28 97 36 68 54 76 15 41 14 66 14 21 66
14 21 96 95 60 60 54 76 60 28 97 53 0 62
15 41 14 67 66 98 60 93 35
64 83 24 84 21 65 96 69 69 16 60 62 25 16
54 62 5 55 42 54 66 96 69 63 12 84
28 75 52 60 0 58 93 15 76 93 66 35 71
62 62 83 53 21 16 53 13 54 26 57 16 60 62 25 16
26 52 83 0 26 40 0 58 28 85 27 15
20 0 2 61 53 0 62 14 62 63 76 54 85 27 15
1 80 62 89 62 0 28 40 96
7 21 7 35 54 1 62
93 15 76 93 66 35 71
21 93 20 84 66 71 28 71 61 66
71 93 2 56 62 89 51 26 40
43 59 76 20 39 54 93
1 80 62 89 62 0 28 20 0 61
15 41 14 67 66
35 40 93 52 84 61 62 69 73
71 1 62 9 51 9 34 53 86
52 71 1 39 14 63 76 40 96 48
35 40 93 52 84 61 62 69 73
35 16 62 73 14 40 34 60 53 35 93
65 93 0 58 3 54 54 32 28 79 57
93 86 80 54 11 62 25 54
0 58 28 16 53 13 54 14 40 60 78 39 73 84
35 40 93 23 17 8 93 19 21 65
71 28 71 61 66 53 0 62 16 73 54 21 39 89 0 83 14 61 8
53 0 62 53 17 62 62 65 65 96 69 69
2 60 69 62 62 83 96 69 69 43 54 62 93
14 73 61 8 54 73 45 52 84 59 32 62
15 67 60 65 5 93 51 9
14 62 63 76 54 98 54 68 20 40 93
34 53 84 86 96 69 69
16 53 13 54 77 2 26 97 96 16 53 13 54 75 15 55 24 62
78 39 73 84 75 51 15 86 96
93 15 76 93 66 35 71 62 80 62 56 54
17 59 54 21 75 35 14 93 52
54 21 39 89 0 83 93 17 68 60 75 31 89
71 1 62 42 83 84 70 8 85 27 15
33 93 52 93 60 17 71 71
62 56 54 12 81 76 20 54 93 17 69 46 54 21 39 89 0 83
23 17 8 93 19
42 83 70 8 17 21
45 52 84 59 32 62
71 1 62 71 1 62 73 76 96 43 54 62 93
86 80 54 62 5 55 76 62
16 28 75 9 7 71 93 52 69
33 93 52 71 1 39
17 21 71 20 35 71 39 75 0 58 3 54
62 56 54 12 81 95 63 14 62 7 21 7 35 54 71 28 71 61 66
2 60 69 62 80 62 56 54 53 0 62 24 56 28 75 52 60 15 41 14 67 66
26 40 62 62 83 83 88 16 60 62 25 16
17 69 46 61 48 54
54 68 62 95
16 53 13 54 54 69 98 71 62 48 69 62
36 68 54 76 62 53 69 21 96 95 60 54 76 60
14 11 9 83 58 16 65
84 59 32 62 70
76 20 39 54 93 52 71 1 39 17 69 46
12 98 84 37 16 53 13 54 35 50
62 63 76 54 35 40 93
73 96 69 69 28 97 97 96
54 62 56 54 12 81 84 76 70 62
14 73 61 8 21 65 35 93
34 53 84 86 54 62 5 55 76 62
93 15 76 93 66 35 71 71 39 75 65 83 84 88 71
54 76 75 15 55 24 76 62 98 16 53 13 54 65 93
51 9 73 17 59 21 34
39 54 14 62 63 76 54 26 40
62 80 62 56 54 33 93
98 71 75 15 55 24 76 62 33 93
93 48 71 62 73
93 39 26 96 65 52 71 1 39
55 76 62 17 21 62 56 54 12 81
73 61 70 62 86 33 93 48 21 9 7 71 93 52 25 69
43 59 62 80 62 56 54 41 41 84 55 85 42 76 66 62 71
26 24 52 56 83 20 39 93 14 40 34 60 53
51 9
48 71 62 73 98 62 53 69 21 46 43 76
20 0 2 61 28 61 20 35 63
96 69 69 43 54 62 93
80 62 89 62 28
54 68 65 5 93 46 43 76 71
65 5 93 17 21 71 28 71 61 66 14 60 53 17 69 46 61 48 54
52 71 1 39 65 54
93 15 76 93 66 35 71 26 40
17 69 46
17 59 54 21
17 59 21 34 52 21 93 60 75 15 55 24 76 62
48 71 62 73 71 39 75
16 53 13 54 16 53 13 54
93 71 21 93 20 84 66 70 62 54 97 96
15 14 67 66 98 60
71 39 75 15 84 89 1 84
43 54 62 93 17 71 96 69 69 71 76 60 54
93 17 68
54 62 5 55 76 62 96 69 69 20 61
17 59 21 34 71 75 51 15 86 96
41 67 66 98 62 95 63 14 62 17 69 46 75 15 55 24 76 62
71 71 17 21 15
15 69 85 27 15
15 14 67 66 98 60 54 68 71 16 53 12
0 58 28
62 62 83 76 39 54 93 76 20 39 54 93
35 37 54 62 5 55 76 62 76 20 39 54 93
93 17 68 16 53 13 54 17 21 61 71
17 59 54 21
15 55 76 62 35 54
76 71 76 67 60 54 62 15 41 14 67 66 21 65
34 53 84 86 16 60 62 25 16 97
39 14 18 17 59 96 74 63 53 1 62 26 40 71 76 67 60 54
39 14 18 17 14 52 76 39 54 93 62 53 69 21
17 59 54 21 93 62 51
59 96 74 63 53 1 62 9 7 71 93 52 25 69
28 97 14 52 35 50 45 59 16 28
43 59 84 97 70 53 0 62
47 58 21 75 71 35 40 93 28 75 52 60
54 15 69 54 68 26 24 52 56 83 0
16 62 73 21 71 18 78 35 40 93 52 84 61 62 69 73
26 20 0 2 61 17 69 46 0 58 3 54 16 53 13 54
16 62 73 52 71 1 39 41 71
43 54 62 93 26 65 83 84 88
53 39 52 26 40 54 24 17 21
93 17 68 14 40 34 60 53 75 15 55 24 76 62
62 53 69 73 54 15 62 54
62 62 83 85 27
1 80 62 89 62 0 28 35 93 52
71 20 55 89 11 65 83 84 88
15 41 14 67 66 54 62 25 54 62 62 83
48 21 95 63 14 62
62 16 70 28 16 53 13 54 86 80 35 54
65 54 14 73 61 8 69 93 28 71 15 96 70
20 0 2 61 52 71 1 39 53 39 52
62 52 83 65 16 71 62 80 56 27 73 57 93 62 73 5 54
28 75 52 60 71
9 7 71 93 52 25 20 0 2 61 62 69 61
95 63 14 62 24 56 0 62 53 69 21
52 1 39 62 62 83 28 61 20 35 63
54 15 69 35 40 93 75 15 55 24 76 62
36 68 54 76 78 73 84 15 41 14 67 66
48 69 80 62 65 84 88
15 41 14 60 17 21 58 28 26 24 52 56 83 0 43 59
52 71 1 39 51 42 83 84 70 8 73 76 96 46 43 76
41 41 84 55 85 42 76 66 62 71
68 26 40 40 93 47 58 21 75 71
93 2 62 89 51 62 69 61
23 17 8 93 19 54 15 69
52 1 39 41 71 54 24 56 35 40 93
26 40 51 9 71 3 48 39
54 24 56 71 93 15 76
80 56 54 20 54 93 54 2 60 51 9 71
5 68 40 96 16 28 75 97 96
36 68 54 76 95 63 14 62
62 12 68 39 14 18 17 58 2 71 84 8 83
85 26 23 17 8 93 19 71 12 98 84 37 7 21 98 14
7 54 50 69 48 71 62 73 35 54
65 83 84 88 0 58 28
84 14 11 9 83 58 71 1 62
71 0 58 3 54 54 34 53 86 28 75 52 60
80 56 54 16 16 75 97
96 69 69 36 68 54 76 46 62 96 17 26 52 56 0
15 41 14 67 66
71 20 55 89 11
43 59 78 39 73 84 71 76 67 60 54
35 40 93
17 69 46 61 48 54
26 24 52 83 0 93 35
71 76 67 54 24 53 0 62
93 15 76 93 66 35 71
95 63 14 62 76 20 39 54 93
26 40 96 69 69 0 16 62 73 5 68 40 96
52 21 93 60 17 71 54 17 21 0 58 28
26 24 52 56 83 0
62 80 62 56 54 84 14 11 9 83 58
48 69 80 62 96 69 69 54 11 62 25 54
17 21 52 21 93 60 54 21 39 89 0 83
51 9 73 93 35 65 5 93 76 96
65 83 84 88 93 9 7 71 93 52 25 69
35 40 93 35 40 93 52 84 61 62 69 73
28 71 61 66 35 93 2 60 69
41 71 42 83 84 70 8
33 93 62 32 62 51 32 76 0 76 98 37
93 15 76 93 66 35 71 71 28 71 61 66 73
75 15 55 24 76 62 41 41 84 55 85 42 76 66 62 71
21 21 65 43 54 62 93 52 21 93 60 26 40
59 21 62 43 54 62 93 76 20 39 54 93
16 62 73 48 69 80 62 75 35 14 93 52 62 62 83
75 14 40 34 60 53
40 96 71 43 54 62 93
96 71 28 75 60 64 83 24 84 62 56 54 12 81
21 65 98 71 33 93 71 39 23 17 8 93 19 17 21
42 83 84 8
62 80 62 56 54 15 84 89 1 84
15 41 14 67 66 98 60 53 0 62 62 80 54
43 54 62 93 17 69 46 39 14 18 17
34 53 84 86 60 14 41 60 14 68 41 96 69 69
62 62 83 85 27 15 14 73 61 8 62 73 2 60 69
39 73 84 14 40 34 53
34 53 84 86 54 11 62 25 54
62 56 54 12 81 54 21 39 89 83 35 14 93 52
86 80 36 68 54 76 68 54
68 96 96 69 69 52 71 1 39
54 14 34 60 53 20 0 2 61
17 69 46 61 48 54
27 73 57 93 73 17 76 26
33 93 73 76 96 16 65
52 1 39
32 76 0 76 35 40 93 41 14 67 66 98 60 62 80 62 56 54
48 71 62 73
51 9 43 54 62 93 71 15 84 16 53 13 54
14 21 93 2 56 62 89 51 54 76 83 75 98 26
23 17 8 93 19 35 93 83 84 70 8 21 21 65 14 73 61 8
42 83 84 8 35 40 93 52 84 61 62 69 73
71 28 71 61 66 14 21 52 21 93 60 93 17 68
62 80 62 56 54 17 69 46 84 76 70
54 54 45 59 16 28 71 0 58 28
15 41 14 67 0 58 3 54
33 93 33 93 28 97 62 96 17
84 14 11 9 83 58 16 60 62 25 16
36 68 54 76 43 59 0 58 28 33 93
62 9 20 36 76 5 68 40 96
36 68 54 64 14 1 62
54 68 76 20 39 54 93
16 62 73 60 14 68
7 54 50 41 69 15 84 40 96 71
17 59 21 34 60 14 68 41
48 21 15 41 14 66 98 60
47 58 21 75 71 71 1 62
54 62 5 55 76 62
75 51 15 86 96 59 96 74 63 53 1 62
69 16 2 60 17 69 46
84 83 54 29 62 54 62 25 54
71 76 67 60 54 16 62 73
84 83 54 29 62 62 56 54 12 81 75 15 55 24 62
71 54 15 69 75 15 55 24 76 62
15 84 89 1 84 62 12 68 51 9 71
54 15 69 96 69 69 60 14 68 41
15 55 24 76 62 14 40 34 60 53 40 96 14 62 63 76 54
28 61 20 35 63
73 8 1 62 17 69 0 58 28
28 75 52 60
46 43 76 26 40 48 21
96 69 69 76 20 93 36 68 54 76
54 21 39 89 0 83 11 62 25 54
70 62 62 12 68 96 69 69 62 62 83 60 69 14 73 61 8
9 71 93 52 25 69
54 21 39 89 0 83 16 13 54
64 3 83 24 84 24 76 20 39 54 93
26 40 84 76 70 71 26 83 57 96 69 69
75 35 14 93 52 84 53 36 68 54 76 33 93 43 54 62 93
16 53 13 54 43 54 62 93 48 71 62 73
35 40 93 71 67 60 54 65 54 89 33 93
62 80 62 56 54 16 62 73 26 40
17 62 56 54 12 81 5 68 40 65 5 93
46 51 9 71 1 62
26 40 54
71 1 62 52 71 1 39
35 40 93 84 61 62 69 73
60 14 68 41 85 14 93 26
20 0 2 61
35 40 93 45 52 84 59 32 62 65 83 84
43 54 62 93 65 84 88 14 62 63 76 54
96 69 69 75 15 55 24 76 62
59 21 62 43 54 62 93
65 83 84 88 54 17 21 65 75 51 15 86 96 62 69
52 21 93 60
14 73 61 8 26 40 95 63 14 62
78 39 73 84 35 40 93 52 84 61 62 73
54 21 39 0 83 71 15 41 14 67 66
76 96 51 9 14 73 61 8
74 3 48 39 62 43 54 62 93 62 95 93
47 58 21 75 71 9 7 71 93 52 25 69
17 69 46 54 11 62 54 21 21 65 76 20 39 54 93
65 83 84 88 96 69 69 5 68 40 96
28 61 20 35 63
16 53 13 54 54 21 39 89 0 83
15 41 14 67 66 98 60
62 80 56 54 0 58 3 54 86 98 62 43 54 62
16 53 13 54 9 7 71 93 52 25 69 54
17 69 46 61 48 54 65 5 93 75 35 14 93 52
15 41 14 67 98 60 1 62
75 15 55 24 76 62
15 41 14 67 66 98 60
28 75 52 16 62 73
28 75 52 60 54 11 62 25 54 36 68 54 76
48 21 1 62 64 83 24 84
28 75 52 60
35 40 93 52 84 61 62 69 73 54 24 56 93 17 68 95 63 14 62
84 83 54 29 5 68 40 96 85 27 15
52 21 93 60 35 40 93
73 76 26 47 58 75 71 28 75 52 60
75 51 86 96 78 39 73 84
45 59 16 28
62 73
71 1 62 23 17 8 93 19
1 80 62 89 62 0
2 60 69 39 14 18 17 43 54 62 93
75 15 55 24 76 62 16 53 13 54 20 0 2 61 71
35 50 16 65 62 80 62 56 54
32 76 0 76 58 28 14 21
97 96 26 24 52 56 83 0
62 16 70 28 75 39 14 18 17 54 24
96 69 69 2 60 69 12 98 84 37
0 58 28 48 69 80 62
28 97 71 59 96 74 63 53 1 62 59 96 74 63 53 1 62
20 39 89 15 36 68 54 76 71 62 21 65 65 60 14 68 41
54 11 62 25 54 62 56 54 12 81
54 62 5 55 76 62 62 96 17 71
42 83 84 70 60 14 68 41
84 14 11 9 58
28 61 20 35 63 26 83 57 65 5 7 21 98 14
60 75 31 89 71 53 0 62
58 2 71 84 8 83
75 15 55 24 76 62
75 15 55 24 76 62 71 1 62 0 28
35 40 52 84 61 62 69 73
98 84 37 28 71 61 66 96 95 60 60 54 76 60
21 21 65 52 71 1 39 65 5 93
43 54 62 93 35 93 84 76
36 68 54 76 2 60 71 96 6 63 57 1 53 89
9 7 71 93 52 25 69 17 69 46
43 76 53 0 62 14 21 66 75 76 71 76 67 60 54
62 62 83 73 61 8 48 62 32 59 62 51 15 41 14 67 66 98 60
33 93 65 83 84 88 54 68
85 27 15 62 53 69 21 20 39 93
64 3 83 24 84 24 96 69 69
71 54 69 98 71 62 68
62 52 83 65 52 71 1 39
52 71 1 39 96 69 69 62 56 54 12 81
54 20 0 2 61 17 59 54 21 43 54 62 93
17 69 46 61 48 54 17 21 28 97
71 1 62 60 14 68 41 54 62 5 55 76 62
76 20 39 54 93 84 76
51 9 95 63 62
75 15 55 24 76 62 16 53 12 95 63 14 62 28 75 60
46 43 76 14 73 61 8 46 96 69 69
17 69 46 61 48 54
17 76 26 35 40 93
52 56 83 0 41 41 84 55 85 42 76 66 62 71
83 23 52 28 96 95 60 60 54 76 60 61 71 98
54 11 62 25 54
47 58 21 75 71 62 53 69 21 20 0 2 61 26 83 57
65 83 84 88 73 76 96 33
47 58 75 71 52 71 1 39
76 20 39 54 93 71 1
69 46 71 28 71 61 66 14 40 34 60 53
16 60 62 25 16 62 5 95 63 14 62
60 75 31 89 93 62 54 65
65 84 88 35 54 11 25 54 71 1 62
14 73 61 8 16
28 61 20 35 63 85 27 15 17 69 46 48 54
9 7 71 93 52 25 69 50
16 53 13 54 71 28 71 61 66 28 61 20 35 63
84 14 11 9 83 58
48 21 62 18 17
65 83 84 88 5 40 96
51 9 14 62 63 76 54
54 11 62 25 54 26 40 55 42 54 62 62 83 26 40
54 21 39 89 0 83 89 15
26 40 65 83 84 88 16 53 12 46 43 76 17 59 54 21
54 76 62 62 83 83 75 98 26 21 63 2 12
76 39 64 83 24 84 17 69 46
70 93 65 83 84 88 52 71 1 39 76 39 54 93
85 27 15 26 24 52 56 83 14 73 61 8
54 21 39 89 0 83 62 53 69 21
52 71 1 39 43 54 62 93 62 80 62 56 54 52 21 93 60
71 1 62 93 76 93 66 35 71 35 40 93
58 28 96 69 69
97 96 64 83 24 84 50
84 53 62 56 54 12 81 76 20 39 93
16 53 13 54 16 62 73 84 14 11 9 83 58
62 80 62 56 54
77 2 26 15 76 93 35 71 80 56 54
71 54 70 62 43 76 73 54 15 62
48 21 14 63 76 40 96 48
0 58 3 54 28 75 52 60 76 20 54 93
21 65 98 71 85 27 15 62 80 56 54
62 16 70 28 75 71 54 32 28 79 57
26 40 65 65 84 53 15 41 14 67 66
35 40 93 52 84 61 62 69 73 54 68
16 28 75 71 1 62 14 73 61 8
32 76 0 76 28 75 52 60 35 50
62 56 54 12 81 15 41 14 67 66
71 1 62 0 58 28
46 43 76 75 15 55 24 76 62 14 63 76 40 96 48
17 69 46 61 48 54 78 39 73 84
93 2 56 62 89 51
62 56 54 12 81 97 96
62 80 56 54 84 53 20 0 2 61
16 62 73 16 62 73 14
62 83 35 50 62 80 62 56 71 54
20 0 2 61 43 54 62 93 33 93 17 59 54 21
41 41 84 55 42 76 66 62 71
62 56 54 12 81 21 36 68 54 76 20
35 37 64 3 83 24 84 24
75 52 60 70 62 26 40 65 83 84 88
41 41 84 55 85 42 76 66 62 71
84 14 11 9 83 58 54 68 15 84 89 1 84
71 54 69 98 71 62 68 15 5 76 89 96 95 60 60 54 76 60
17 59 54 21 64 83 24 84 71 1 62 74 3 48 39 62
62 62 83 20 0 2 61 51 9
0 58 3 54 36 68 54 76 93 2 62 89
48 69 80 62 76 20 39 54 93
62 52 83 65 16 71 93 32
16 62 54 62 93 62 56 54 12 81
7 21 7 35 54 69 46 63 32 71 76 54
26 24 56 83 0 96 69 69 16 62 73 71 62
14 73 61 8 65 5 93
76 20 39 54 93 65 83 84 88 85 27 15 47 21 75 71
53 0 62 23 17 8 93 19 59 17 71 17 59 54 21
62 56 54 12 81 26 24 52 56 83 0
52 1 39 43 54 62 93
71 26 24 52 56 83 0 53 0
65 65 59 96 74 63 53 1 62
54 62 26 24 52 56 83 0 1 80 62 89 62 0 28
85 15 62 80 62 56 54 40 73 14 56
35 40 93 54 24
14 73 8 48 71 62 73
48 71 62 73 28 97
96 69 69 54 54 68 28 97 33 93
5 68 40 96 28 97
17 69 46 61 48 54 16 28 75
21 21 65 28 52 60
26 40 71 93 35 28 75 52 60
39 14 18 17 23 17 8 93 19
59 21 62 16 75 15 54 62 5 55 76 62
62 50 75 15 55 24 76
28 97 14 93 52 78 39 73 84
53 0 62 26 24 52 56 83 0 15 14
35 54 97 96 85 27 15 2 60 69 71 1 62
1 80 62 89 62 0 28 75 52 60
16 28 75 64 83 24 84
85 27 15 54 62 5 14 73 61 8
39 14 18 17 35 40 93 52 84 61 62 69 73
21 63 2 12
14 62 63 76 54 16 62 73
54 26 24 52 56 83
41 41 84 55 85 42 76 66 62 71
46 43 76 48
46 43 76 17 69 46 17 71
62 62 83 62 52 83 65 16 71 15 5 76 89
21 21 65 54 62 5 71 1 62
15 41 14 67 66 35 54
93 17 68 21 21 65 33 93 85 27 15
15 41 14 67 66 98 60 43 54 24 56
71 62 15 41 67 66 98 60 65 5 93 54 62 5
2 60 69 71 77 2 26 85 54 17 93 28 61 20 35 63
62 62 83 26 24 52 56 83 0 43 54 62 93
85 27 15 14 21 52 71 1 39
62 80 62 56 54 35 54 71
71 76 60 54 40 93 62 54 71 65
9 95 73 62 60 71
17 59 54 21 16 53 12
65 5 93 14 73 61 8 54 68 20
35 40 93 46 43 76 54 21 39 89 0 83
64 83 24 84 84 53 54 62 32 59 62 51
86 80 96 69 69 65 83 84 88
84 11 9 83 58 71
75 15 55 24 76 62 16 53 13
54 76 17 21 2 60 69
65 83 84 17 21 74 3 48 39 62
17 59 54 21 52 71 1 39 48 69 80 62 54 16 62 73
17 21 71 75 35 14 93 52 85 27 15
78 39 73 84 75 15 55 24 76 62
15 41 14 66 71 76 67 60 54 48 21
54 17 59 21 34 97 96
35 40 93 65 54 71 54 54 76 93 15 76 93 66 35 71
64 3 83 24 84 24 52 71 1 39
96 95 60 60 54 76 60
17 59 54 21 65 83 88 39 14 18 17
58 2 71 84 8 83 52 71 1 39
35 40 93 43 54 62 93
53 0 62 35 14 93 52 17 59 54 21
64 3 83 24 84 24
83 84 70 42 83 84 70 8 62 56 54 12 81
45 52 84 59 32 62 73 17 76 26 14 52 39 73 84
17 69 46 61 48 54 96 95 60 60 54 76 60
17 69 46 61 48 54 20 0 2 61 46 43 76
65 5 93 42 83 84 70 8
54 32 28 79 57
45 59 16 28 39 14 18 17 16 62 25 16
71 1 62 26 40 62 56 54 12 81
62 56 54 12 81 28 75 52 60
17 59 54 21 21 71 18 78 7 71 93 25 69
43 54 62 93 17 71 54 39 89 0 83
46 43 76 14 40 34 60 53 56 54 64 83 24 84
45 52 84 59 32 62 65 93 1 45 59 16 28
48 21 65 5 93 95 84 97 70
63 71 76 54 51 9 73 93 17 14 73 61 8
96 74 63 1 62 48 21 7 21 7 35 54 2 60 69
5 75 15 55 24 76 62
71 76 67 54 46 43 76 0 58 28
52 71 1 39 17 46 61 48 54 54 76
74 3 48 39 62 0 58 36 68 54 76
70 8 43 54 62 93 83 75 98 26
69 70 8 26 24 52 56 83 0 20 0 2 61 96
71 1 62
53 0 62 84 14 11 9 83 58
17 69 46 40 96 71 52 21 93 60
35 40 93 52 84 61 62 69 73 75 15 55 24 76 62
28 75 52 60 73 15 62 35 93
17 59 54 21 84 76
54 11 62 25 54
15 41 14 67 66 98 60 21 20 84 66 76 20 39 54 93
76 0 76 7 21 7 35 54
62 80 62 56 54 86
17 59 54 21 96 95 60 60 54 76 60
0 85 27 15 73 76 26 96 95 60 60 54 76 60 35 40 93
65 83 84 88 71 76 67 60 75 15 55 24 76 62
14 73 61 8 93 71 1 62 28 43 54 62 93
48 71 62 73 98 62 43 54 62 42 83 84 70 8
0 58 54 54 21 39 89 83
71 1 62 21 65 65 5 93
16 53 13 54 48 21 35 40 93 52 84 61 62 69 73
16 53 13 54 96 69 69 21 63 2 12
71 1 62 62 62 83 35 14 93 52 16 62 73
51 9 48 21
17 69 46 61 48 54 83 75 98 26 97 96
95 63 14 62 71
0 3 54 76 20 39 54 93 28 75 52 60
96 69 69
16 53 13 54 21 21 65
39 54 93 71 28 61 20 35 63
16 53 54 86 80 53 0 76 20 39 54 93
93 17 68 15 41 14 67 66 98 60
80 62 71 63 95 97 32 62 80 62 56 54 62 62 83
45 52 84 59 32 62 96 69 69 54
96 6 63 57 1 53 89 28 97
76 20 39 54 93 71 28 71 61
62 80 56 54 65 54 16 53 13 54
40 24 52 56 83 0 51 9 73 39 14 18 17 62 62 83
35 40 93 52 84 61 62 69 73
2 60 69 40 14 40 34 60 53 95 63
0 58 28 16 53 13 54 1 80 62 89 62 0 28
62 62 83 54 85 15 27 57 93 54
93 2 56 62 51 59 96 74 63 53 1 62
26 40 71 20 2 53 0 62 28 75 52 60
75 35 14 93 52 75 35 14 93 52 62 62 83
14 73 61 8
9 7 71 93 52 25 69 14 73 61 8
28 75 52 60 17 46 61 48 54
54 62 5 55 76 62 33 93 26 34 53 84 86 16 53 13 54 0 58 3 54
43 54 62 93 84 14 11 9 83 58
17 71 36 68 54 76
95 63 14 62 2 60 69 62 62 83 85 15 43
98 71 41 14 67 62 63 76 54 62 32 59 62 51
16 60 62 25 16
14 73 61 8 54 68 85 27
53 0 62 0 58 3 54
60 75 31 89 84 83 54 29 62 0 58 28
1 62 17 75 15 55 24 76 62
96 6 63 57 1 53 89
5 68 40 96 20 0 2 85 26
48 71 62 73 54 76 71 28 71 61 66
48 71 62 73 65 5 93
15 75 52 16 53 13 54 48 71 62 73 32 76 0 76
36 68 76 42 84 70 8
15 55 24 76 62 62 62 56 54
65 5 93 76 20 54 93 52 71 1
62 56 54 12 81 35 40 93
41 84 55 42 76 62 71 35 6 83 98
60 14 68 41 32 54 62 5
15 84 89 1 84 74 3 48 39 62
64 3 83 24 84 24 15 5 76 89
85 27 26 35 54 29 85 96 54
53 0 62 35 40 93 71 28 71 61 66
93 15 76 93 66 35 71
84 53 62 16 70 28 54 76 62 56 54 12 81
0 58 3 54 93 2 56 62 89 14 21 97 96
59 74 63 53 1 62
93 17 16 62 73 54
17 59 21 34 76 20 39 54 93
54 62 5 55 76 62
54 21 39 89 0 83
54 51 9 73 69 16 43
71 28 71 61 66 27 73 57 93 43 54 93
51 85 15 96 69 69 20 0 2 61
48 69 80 62 71 1 62
28 97 85 27 46 43 76 93 93 17 68 26 40
93 2 56 62 89 51 16 65 17 59 54 21
53 69 21 54 54 33 93 78 39 73 27 73 57 93
64 3 83 24 84 24 35 40 93
54 20 0 2 61
53 0 62
62 62 83 52 71 1 39
41 41 84 55 85 42 76 66 62 71 40 93
36 68 54 76
28 61 20 35 63 71 76 67 60 54 80 62 71 63 95 97 32
15 84 1 84 84 76 16 96 71 60 62 20 0 2 61 35 50 28 75 52 60
54 62 62 83 33 93 65 83 84 54 24 21 65
26 24 52 56 0 84 14 11 9 83 58
35 40 93 5 68 40 96
14 73 61 8 48 21
75 55 24 76 62 93 5 15 54 54 68 20
52 21 93 60 54
76 20 39 54 93 75 51 15 86 96 71 75 35 14 93 52 26 40
51 9 71 54
21 21 65 54 9 7 71 93 52 25 69
28 61 20 35 63 96 69 69 17 69
15 84 89 1 84
54 11 62 25 54 62 16 53 12 16 53 12
28 73 61 93 15 76 93 66 35 71 28 61 20 35 63
84 54 29 62 48 21 75 35 14 52
16 96 71 60 62 84 14 9 83 58 96 71 5 68 40 96
28 75 52 60 54 62 5 55 76 62
62 16 70 28 75 65 54 15 41 14 67 66
15 5 76 89 36 68 54 76
65 0 58 28 0 58 3 54 71 75 35 14 93 52
39 54 62 32 59 62
96 69 69 83 75 98 26 39 14 18 17 26 24 52 56 83 0
54 68 26 40 14 21 73 61 8 52 21 93 60
14 40 34 60 53 53 0 62
48 69 80 62 97 96 21 21 65
15 41 14 67 66 98 60
84 14 11 9 83 58
70 62 65 54 53 17 62 62
17 69 46 61 48 54 80
85 15 96 69 69 62 9 20 83 75 98 26
48 21 21 93 20 84 66 73 17 76 26 75 35 14 93 52
54 69 54 21 39 89 0 83 34 53 84 86 35 40 93
52 71 39 17 69 46 71 71 61 66 32 76
75 35 14 93 52
35 40 93 52 84 61 62 69 73
84 14 11 9 83 58 54
45 52 84 59 32 62 2 60 69
62 62 83 80 20 0 2 61
65 5 93 9 7 93 52 69 15 41 14 67 66
16 13 51 9 16 62 73 43 54 62 93 51 9 86 80
41 67 33 93 84 76
54 11 62 25 54 42 83 84 70 8
62 80 62 56 54 62 96 17 62 56 54 12 81 73 58 78 52
85 54 17 93 17 69 46 62 56 54 12 81
15 41 14 67 66 98 60 36 68 54 76
2 60 69 76 20 39 54 93
48 69 80 62 95 63 14 62 75 15 55 24 76 62
2 60 69 33 93 71 28 71 61 66
53 0 62 62 69 61 53 13 54
26 24 52 56 83 0 85 27 26
75 51 15 86 96 28 97 78 39 73 84
96 95 60 60 54 76 60 45 59 16 28
15 5 89 54 68 20
83 65 16 71 76 60 54 93 35 17 71 39 75
54 84 9 83 58 12 98 37 84 8 54 62 5 55 76 62
71 54 50 41 69 20 0 2 61
14 73 8 35 62 62 83 71
15 41 14 67 66 98 60 15 5 76 89
75 51 15 86 96
98 35 40 93 17 26 71 39 93
28 61 20 35 63 0 58 28
15 41 14 67 66 26 24 52 56 83 0
36 68 54 76 16 62 73
62 56 54 12 81 21 63 2 12 20 0 2 61
34 53 84 86 15 84 54
43 54 62 93 48 69 80 62
53 0 62 62 80 62 56 54 80 62 71 63 95 32
96 69 69 54 54 21 39 89 0 83
93 5 15 54 93 35
75 51 15 86 96 75 35 14 93 52 14 21
20 39 54 93 28 75 52 60 95 63 14 62 96 95 60 60 54 76 60
35 54 52 71 1 39
45 52 84 59 32 62
84 14 11 9 83 58 73 61 8
40 96 71 16 62 73 76 20 39 54 93 97 96
16 53 13 54
26 40 71 28 71 61 66
54 68 20
48 69 80 62 73 62 62 83 35 40 93 65 54
23 17 8 93 19
73 76 96 46 43 76 52 93 60 17 71
62 17 69 46 23 17 8 93 19
54 15 69 32 0 76 97 96 21 2 12 93 17
28 75 52 60 16 53 12
52 21 93 60 2 60 69
43 59 21 63 2 12 16 62 73 76 20 39 93
16 96 71 60 43 54 62 93
78 39 84 62 56 54 12 81
54 62 55 76 62 28 61 20 35 63
16 62 73 43 54 62 93 85 27 15
14 73 61 8 85 27 15 16 60 25 16
21 14 93 26 62 62 83 45 52 84 59 32 62 73 17 76 26
14 76 12 27 93 63
33 93 53 0 62 84 53 95 63 14 62
54 76 71 28 71 61 66 75
73 61 8 85 27 15 26 24 52 56 83 0
76 20 54 93 62 50 21 2 63 98 21 71 18 78
28 52 60 62 62 83 43 54 62 93 71 54 1 80 62 89 62 0 28
51 9 65 5 93
45 52 84 59 32 62 52 71 1 39
71 76 67 54
26 24 52 56 83 0 43 54 62 93 52 21 93 60
83 24 84 21 63 2 12 35 50 54 62 5 55 76 62
65 5 93 45 52 84 59 32 62
16 53 13 54 48 69 80 62 17 21 43 54 62 93
7 21 7 35 54
45 52 84 59 32 62 52 71 1 39 35 54
48 71 62 73 28 75 52 60 76 20 39 54 93
62 62 83 9 7 71 93 25 69 43 54 62 93
85 15 62 96 17 95 60 60 54 76 60
96 69 69
17 69 46 61 48 54
41 67 66 98 60 26 40 85 27 15 59
9 7 71 93 52 25 69
75 15 55 24 76 62 2 60 69 54 17 69 46 12 98 84
15 41 14 67 66 85 27 15
96 69 69 17 59 21 34 53 0 62
28 75 60 16 62 73 95 63 14 62 71 28 71 61
15 41 14 67 66 98 60 40 34 20 0 2 61
71 54 62 12 68 54
71 1 62 16 62 73
20 0 61 54 21 89 0 83 96 95 60 60 54 76 60 51 9 73
97 96 52 93 60 62 96 17 41 14 67 66 60
53 0 62 52 71 1 39 40 96 71 21 21 65
28 61 20 35 63 76 20 39 54 93 70 62 28 75 52 60
54 21 39 89 0 83 85 27 26 14 21 56 23 32
54 62 5 55 76 62 40 96 71 96 69 69 54 62 5 55 76 62
9 83
62 52 83 65 16 71 54 62 5 93 2 56 62 89 51
27 73 57 93 54 56 26 24 52 56 83 0
14 73 61 8 16 53 13 52 71 1 39
54 62 5 14 21 54 21 39 89 0 83
17 69 46 41 14 67 66 98 60 71 39 75
40 93 62 50 41 71 43 54 62 93 12 98 84 37
26 24 52 56 83 0 54 62 5 55 76 62 39 14 18
28 97 16 53 12 43 59 71 54 15 69
62 32 59 62 51 98 48 21
27 35 54 26 40 52 54 96 48 69 71 71 39 75
96 69 69 17 59 54 21 2 69
16 62 26 83 57 54 24 48 69 80 62
71 62 62 83 43 54 62 93 29 54 52 71 1 39
54 24 56 73 17 76 26
45 59 16 28 42 83 84 35 54
85 27 15 53 0 62
60 31 89 96 95 60 60 54 76 60
14 73 61 8 71 26 24 52 56 83 0
85 27 15 70 62 35 40 93
16 62 73
54 62 5 55 76 62 34 53 84 86
75 15 55 24 76 62 45 59 16 28
54 15 69
62 16 70 28 75 20 0 2 93 15 34 53 84 86
20 0 2 61 65 83 84 88 32 76 0 76
93 35 54 62 5 55 76 62
75 15 55 24 76 62
34 53 84 86 83 75 98 26 45 59 16 28
96 69 69 43 54 62 93 40 73 14 56
15 41 14 67 66 51 9 35 40 93 64 3 83 24 84 24
96 6 63 57 1 53 89 75 76 17 21
71 76 67 60 54 5 68 40 96 95 63 14 62
95 60 60 76 52 21 93 60
75 15 76 62 80 93 5 15 54 48 21
26 40 52 71 1 39 96 69 69 15 41 14 67 66 54
14 73 61 8 75 76
35 54 84 76 70 71 1 62
14 83 20 16 62 73
20 0 2 61 85 27 15 28 97 54 68 65 83 84 88
97 96 21 93 20 84 66 75 15 55 24 76 62
40 76 20 39 54 93
85 54 17 93
54 11 62 25 40 73 14 56
54 62 93 43 59 20 0 2 61
62 62 83 71 54 75 35 14 93 52 33 93
64 3 83 24 84 24 7 98
0 58 28 14 73 61 8 59 96 74 63 53 1 62 1
1 80 62 89 62 0 28 17 69 46 61 48 54
65 5 93 71 28 97
53 0 62 98 28 75 52 60 97 96 97 96 35 40 93
51 9 7 21 7 35 54 71
95 63 14 62 15 41 14 67 66 71
71 54 26 40 65 83 84 88
62 62 83 43 54 62 93 14 73 61 8
26 83 57 46 43 76
23 17 8 93 19
9 7 71 93 52 25 69 54 62 5 55 76 62
93 2 56 62 89 51 21 65 73 76 96 96 95 60 60 54 76 60
17 21 23 17 8 93 19 96 95 60 60 54 76 60
78 39 73 84 35 40 93 52 84 61 62 69 73
71 54 54 68 16 62 73 62 16 70 75 65 83 84 88
84 14 11 9 83 58 54
62 62 83 62 9 20 28 97
14 73 61 8 16 53 12 20 0 2 98 62 43 54 62
16 53 13 54 16 65
76 20 39 54 93 21 65 26 24 52 56 83
17 69 46 61 48 54 75 83 75 98 26 35 37
0 58 28 62 80 62 56 54
65 5 93 17 59 54 21 21 65
17 59 54 21 40 96 55 42 54 66
15 5 76 89 83 75 98 26 14 21 56 23 32 16 60 62 25 16
39 65 5 93
16 53 13 54 96 6 63 57 1 53 89
93 2 56 62 89 51 96
32 51 71 76 67 60 54 16 53 12
47 58 21 75 71 54 5 52 21 93 60 62 56 54 12 81
27 73 57 93 85 27 26
54 60 14 68 41
52 21 93 60 75 51 15 86 96 35 54
23 17 8 93 19 71 54 69 98 71 62 68
76 20 39 54 93 35 54 71 62 73
0 58 3 54 65 5 15 84 89 1 84
76 20 39 54 93 62 62 83
71 20 54 5 64 3 83 24 84 24 17 69 46 61 48 54
46 43 76 93 15 76 93 66 35 71
17 21 36 68 54 76 71 76 67 60 54 21 98 14
9 7 71 93 52 25 69
71 0 54 71 7 21 14 9 7 71 93 52 25 69
54 16 62 73 63 32 71 76 54 59 62
16 96 71 60 62 16 53 12 96 69 69
48 21 63 32 71 76 54
95 63 14 62 78 39 73 84
45 52 84 59 32 62 78 39 73 84 53 0 62
43 54 62 93 65 83 84 88
17 71 43 54 62 93 16 62 73
15 41 14 67 66 98 60 41 71 64 83 24 84
71 76 67 60 54 52 60 98 71 71 76 67 60
43 54 62 93 54 43 54 62 93 26 24 52 56 83 0
62 53 69 21 26 40
62 62 56 54 40 96 71
43 54 62 93 73 58 78 52 53 0 62
54 62 5 55 76 62
71 76 67 60 54 28 97 88 84 62 34 75
14 73 61 8
14 73 61 8
41 41 84 55 85 42 76 66 62 71
84 53 54 15 69 45 59 16 28
71 54 96 69 69 35 40 93
65 54 54 16 53 13 54
71 35 40 93 35 40 93 52 84 61 62 69 73 54 21 21 65
71 54 48 21 97 96 65 83 84 88 96 71 1 62
41 84 55 85 42 76 66 62 71 73 17 76 26
71 1 39 54 68 20 71 28 71 61 66
54 15 64 3 83 24 84 24 62 62 83
28 75 52 60 89 15
26 24 52 56 83 0 58 2 71 84 8 83
33 93 71 62
62 56 54 12 81
35 40 93 20 0 2 61 62 80 62 56 54
59 16 96 95 60 54 76 60 34 53 84 86 15 41 14 67 66
65 83 84 88 35 50 54 62 5 59 96 74 63 53 1
62 62 83 28 75 52 60
71 76 67 60 54 16 53 12 16 62 73
35 40 93 52 84 61 62 69 73
83 75 98 26 62 80 62 56 54 2 69
71 20 26 40 14 85 36 53 84 86
75 15 55 24 76 62 73 96
24 95 84 97 70 71 98 71 35 54
93 17 68 16 62 73 71
15 41 14 67 98 60 71
16 53 13 54 21 21 65 53 17 62
85 27 15 33 93 96 69 69 71 2 61 17 69 46 61 48 54
16 62 73 14 73 61 8 5 68 40 96
43 15 41 66 62 20 0 2 61 71 54 62 56
65 83 84 88 65 5 93 52 54 96 48 69 71 71
54 11 62 25 54 96 69 69 35 37 17 69 46 61 48 54
16 28 75 60 14 68 41 15 41 14 67 66 60
36 68 54 76 40 96 71
54 62 5 55 76 62 21 89 0 83 16 53 13 54 71 28 61 66
75 35 14 93 52
43 54 62 93 52 21 93 60 16 96 71 60 62
62 62 83 54 24 17 59 54 21
62 16 70 28 75 54 21 39 89 0 83 51 9 43 54 93 1 80 62 89 62 0 28
52 71 1 39 15 41 14 67 66 36 54 76 71 28 61 20 35 63
53 0 62 65 83 88 43 54 62 93 9 7 71 93 52 25 69
70 62 16 53 13 54 54 68 35
71 20 55 89 11 35 40 60 14 68 41
15 41 14 66 26 24 52 56 83 0 0 58 3 80 71 63 95 97 32
62 14 85 27 26 65 83 84 88 62 32 59 62 51
24 52 56 83 0
84 14 11 9 83 58
21 21 65 14 21 62 32 59 62 51
14 73 61 8 16 53 12
26 24 52 56 83 0 40 96 71
43 76 26 24 52 56 83 0
17 69 46 48 21 97 96 52 71 1 16 53 12 39 18 17
73 17 76 26 96 69 69 9 84 53 71 43 54 62 93
75 35 14 93 52 20 39 54 93
80 62 71 63 95 97 32 96 14 83 20
65 83 84 20 0 2 61 3 43 54 62 93
23 17 8 93 19 85 15
36 68 54 76 51 9 33 93 71 65
84 14 11 9 83 65 54 54 11 62 25 54
52 71 1 39 80 62 54 9 7 71 52 69
16 62 73 71 1 62 78 39 84
96 69 69 71 1 62 71 71 1 62 35 40 93
14 73 61 8 65 5 93 21 21 65 54 35 54
93 15 76 93 66 35 71 62 62 56 93 5 15 54
28 75 52 60 95 63 14 62
14 63 76 40 96 48 35 93 51
75 15 55 24 76 62 65 5 93 16 62 73
52 71 1 39 71 0 58 3 54 14 73 61 8
39 14 18 17 65 83 84 88 54
54 68 16 62 73
16 28 75 62 95 93 26
62 62 83 17 59 54 21 35 54 46 43 76
93 17 68 71 54 93 54 76
17 21 39 73 84 16 62 60 34 53 84 86
71 1 39 62 80 62 56 54
76 39 54 93 85 27 15 97 96
1 80 62 89 62 0 28 54 11 62 25 54
83 70 8 50
76 20 39 54 93 51 9
41 41 85 42 76 66 62 71
96 6 63 57 1 53 89 96 35 40 93 52 84 61 62 69 73
71 1 62
14 73 61 8
35 54 41 41 84 55 85 42 76 66 62 71
43 54 93 62 56 54 81
20 0 2 61 84 14 11 9 83 58 17
84 93 7 43 54 62 93 43 54 62 93 15 41 14 67 66
35 40 93 52 84 61 62 69 73
71 28 71 61 66 17 71 34 53 84
59 96 74 63 53 1 62
73 76 96
96 95 54 76 60 62 56 54 12 81
65 83 88 65 65
54 62 5 55 76 62 28 61 20 35 63
33 93 35 40 93 14 73 61 8
54 62 5 55 76 62 15 41 14 67 66
68 54 14 73 61 8 65 54 84 14 11 9 83 58
14 8 14 73 61 8
17 59 54 21 54 62 5 96 84 83 54 29 62 97 96
74 3 39 62 15 84 89 1 84 54 15
26 83 57 75 15 55 24 76 62 0 58 86 80
15 5 76 89 17 14 62 76 54
35 40 93 48 75 51 15 86 96 62 12 68 52 71 1 39
12 98 84 37 35 40 93
71 54 69 98 71 62 68 12 98 84 37 98 71 28 52 60
52 71 1 39
71 1 62 54 71 76 67 60 54 57 64 14
39 18 17 33 17 21 71
78 39 73 84 52 71 1 39
76 39 54 93 35 54
54 24 56 36 68 54 76 54 32 0 76
7 21 7 35 54 78 39 73 84
93 20 0 2 61
7 21 7 35 54 76 20 39 54 93
40 96 71 62 32 62 76 20 54 26 83 76 54 93
14 73 61 62 80 62 56 54 14 73 61 8
43 54 62 93 33 96 95 60 60 54 76 60
16 53 13 54 35 40 93 51 9
36 68 54 5 93
62 56 54 12 81 75 52 60
17 59 21 34 40 54 62 5 48 71 62 73 93 17 68
17 71 28 71 61 66
71 54 21 39 89 0 83 65 5 93
59 96 74 63 53 1 62
96 54 15 69 85 27 15
93 15 76 93 66 35 71 65 83 84 88 16 53 13 54
96 69 69 35 54 39 14 18 17 54 54 68 20
17 59 54 21 17 69 46 61 48 54
54 62 5 80 62 56 54 14 61 8 98 84 37 15 67 66 98 60
96 70 62 43 54 62 93 52 21 93 60
71 76 67 60 54 0 58 28 53 0 62
95 63 14 62 16 62 73 16 53 13
73 17 76 26 71 71
15 41 14 67 98 60 96 60 60 54 76 60
84 53 0 58 3 54 98 71 2 60 69 0 58 28 28 61 20 35 63
17 69 46 34 53 84 86 14 73 61 8 71 54 62 5 55 76 62
62 12 68 20 0 2 61 93 17 68 15 41 14 67 66 98 60
15 41 14 67 66 98 60 1 62 76 20 39 54 93
17 69 46 61 48 54 65 83 84 88 54 11 62 25 54 62 95 93 32
57 64 14 71 28 71 61 66
16 25 84 14 11 9 83 58
71 28 71 61 66
40 93 52 61 62 69 73 23 17 8 93 19
28 75 52 60 78 39 73 84 1 80 62 89 62 0 28
95 63 14 62 36 54 76
52 71 1 39 65 65
21 71 21 93 60 35 40 93 84 16 62 54 15 69
15 41 14 67 66 98 60
52 9 7 71 93 52 25 69
51 9 73 20 0 2 61 40 35 40 16 65
59 96 74 63 53 1 62
54 68 20 2 60 69
96 6 63 57 1 53 89 62 54 62 73 15 41 14 67 66
54 11 62 25 54 17 69 46 61 48 54 26 40
14 73 61 8 17 76 26 85 27 15 35 40 93
73 17 76 26 62 62 83 35 40 93 52 84 61 62 69 73
16 62 73 98 71 43 54 62 93
54 62 5 76 62
5 93 75 15 24 76 33 93 53 0 62 41
75 15 55 24 62
43 54 62 93 27 15 14 73 8 16 60 62 25 16
28 61 20 35 63 60 14 68 41 34 53 84 86
45 52 84 59 32 33 26 40 35
97 96 14 21 26 83 54 11 62 25 54 43 59
83 75 98 26 54 24 64 3 83 24 84 24
62 52 83 65 16 71 20 0 2 61 95 63 14 62 62 62 83
43 54 62 93 71 1 62 17 69 46 61 48 54 14 73 61 8
76 39 54 93 86 80 54 85 54 17 14 73 61 8 84 14 11 9 83 58
17 69 46 61 48 54 14 63 76 40 96 48
75 15 55 24 76 62 54 21 39 89 0 83
71 62 63 76 54 71 1 62 35 40 93
51 9 17 69 46 61 48 54 26 40
71 54 69 98 71 62 68
46 43 76 34 53 84 86 54
16 53 13 54 62 62 83 71 76 67 60 54
76 20 39 54 93 75 15 55 24 76 62
93 15 76 93 66 35 71
48 69 80 34 53 84 86 75 51 15 86 96
26 40 71 71 20
96 95 60 60 76 60
41 14 67 66 98 60
26 24 52 56 83 0 40 71 35 54 14 40 34 60 53
26 24 52 56 83 0 40 93
17 69 46 71 62 69 61 26 40 71 1 39
17 59 54 21 35 40 93 52 84 61 62 69 73
96 69 69 51 9 54
35 40 93 95 63 14 62 16 62 25 16
80 62 71 63 95 97 32 62 80 62 56 54 69 46
43 54 62 93 83 75 98 26 64 3 83 24 84 24
84 76 70 16 53 13 54 71 54 65 54 65 83 84 88
62 62 83 17 69 46 61 48 54
14 52 96 69 69 54 76 20 39 54 93
14 73 61 8 14 40 34 60 53 14 73 61 8
83 54 29 62 62 53 69 21 54 85 27 26 40
71 1 62 54 71 60 14 68 41
34 53 84 86 97 96 76 20 39 54 93
28 97 41 71 71 54 0 17 59 21 34
0 58 3 54 54 76
97 96 85 27 15 76 20 39 54 93 75 76
62 69 61 5 68 40 96 83 84 70 8
42 83 84 70 8 43 54 62 93 28 97
34 53 84 86 71 39 75
20 0 2 61
28 52 60 73 54 62
58 3 54 2 60 69
62 80 62 56 54 71 20 55 89 11 93 17 68
35 40 93 71 1 62 54 24 56 86 80
93 17 68 40 56 54 70
54 62 5 55 76 62 35 40 93 35 40 93
36 68 54 76
75 35 14 93 52 84 76 70
62 32 59 62 51
54 21 39 89 0 83 26 40 35 40 93 7 21 7 35 54
35 40 93 17 98 71 84 53 42 83 84 70
14 73 61 8 20 0 61
93 15 76 93 66 35 71
42 83 84 70 8 52 21 60
96 95 60 60 54 76 60
93 15 76 93 66 35 71 62 73
20 0 2 61 71 28 71 61 66
54 11 62 25 54 84 14 11 9 58
93 17 68 96
16 53 12 95 84 97 70 21 63 2 12 84 14 11 9 83 58
12 37 26 24 52 56 83 0
37 28 20 2 61 62 52 65 16 71 83 75 98 26
62 50 76 39 93 35
27 73 57 93 53 0 62
16 62 73 62 95 93 32 48 71 62 73
62 56 54 12 81 54 15 69 65 5 93 85 27 26
35 54 54
75 55 24 76 62 83 75 98 26 28 97
93 39 26 96 65
76 20 39 54 93 96
89 15 54 73 76 16 73
85 27 15 53 0 62 54 15 69 54 68
54 15 69 2 60 21 48 21 73 17 76 26
70 62 51 9 73 96 69 69
62 62 83
71 28 71 61 66 53 0 62
96 6 63 57 1 53 89
62 96 17 35 37
16 53 13 54
71 76 67 54 62 62 83
85 27 15 36 68 54 76
17 59 21 34 17 86 80 33 93 46 43 76 17
17 69 46 61 48 54 80 62 56 54 16 62 73
54 24 96 69 69 14 62 76 54 17 71
93 42 70 8 36 68 54 76 96 95 60 54 76 60
98 62 43 54 62 7 21 7 35 54
14 73 61 8 14 61 8 62 52 83 65 16 71
15 41 14 67 66 43 59 71 73 17 76 75 15 55 76 62
52 71 1 39
1 80 62 89 62 0 28
62 32 59 62 51 96 6 63 57 1 53 89
48 71 62 73 62 62 83 65 5 93
62 80 62 56 54 15 14 98 54 62 5 55 76 62
35 40 93 52 84 61 62 69 73 52 21 93 60
14 21 16 62 73 62 95 93 32
46 43 76 54 24 56 21 65 39 14 18 17
76 20 39 93
35 37 54 11 62 25 54 54 11 62 25 54
35 40 93 52 84 61 62 69 73 14 52
15 41 14 67 66 98 60 71 1 62
73 58 78 52 33 93 21 21 0 58 3 54
35 40 93 14 73 61 8 71 1 62
71 1 62 33 93
71 28 71 61 66 28 75 52 60
42 84 70 8 0 58 3 43 54 62 93
65 83 84 88 62 80 62 56 54 5 68 96
48 21 2 60 69 16 73 97 96 15 41 14 67 66 98 60
65 65 93 15 76 93 66 71 73 26 40 48 71 62 73 20 54 93
26 40 96 95 60 60 54 76
93 39 96 65 62 12 68 76 20 54 93
16 53 12 41 41 84 55 85 42 76 66 62 71
54 21 39 89 0 83 53 0 62
16 62 73 43 54 62 93 40 56 54 70
83 75 98 26 54 54 70 8 59 21 62
95 60 60 54 76 60 40 93 54 62 5
69 16 35 37 52 71 54 62 5 55 76 62
71 62 54 12 81 16 62
0 58 28 71 1 62 51 9
62 53 69 21 62 53 69 21 52 21 93 60
62 80 62 54 93 20 84 66
26 40 32 76 28 75 52 60
24 56 62 16 70 28 75 71 39 75
20 0 2 61 54 45 59 16
54 68 43 59 62 62 83
71 62 14 85 36 71 1 62
26 83 57 34 60 53 43 54 62 93
16 53 12
71 62 96 69 69 32 76 0 76
14 61 8 76 20 39 54 93 41 41 84 55 85 42 76 66 62 71
42 83 84 70 8 78 39 73 84
95 84 97 70 75 51 15 96 20 0 2 61
12 98 84 37 20 0 2 61 17 46 14 73 61 8
75 51 15 86 96 71 76 67 60 54
17 15 41 14 66 98 60
16 53 35 93 17 59 54 21
14 73 61 8 54 15 69 15 41 14 67 66
35 40 93
96 69 69 54 21 39 89 0 83 43 54 62 93
76 20 39 54 93 53 0 62 21 75 71
84 14 11 9 83 58 16 62 73 2 60 69
73 17 76 26 75 15 55 24 76 62 65 83 84 88
54 48 21 51 9 73 70 62
14 34 60 73 76 96 14 73 61 8
74 3 48 39 62 20 0 2 61 33 93
1 62 16 53 13 54 14 73 61 8
62 56 54 12 81
96 6 63 57 1 53 89 17 59 54 21 95 63 14 62
53 0 62 26 83 57
43 76 17 69 46 61 48 54 46 43 76 26 40
43 54 62 93 0 58 28 21 65 39 52 43 54 62 93
85 54 17 93 17 46 61 48 54
20 0 61 93 62 54 71 54 21 39 89 0 83
96 69 69 26 83 57 62 80 62 56 54 83 75 98 26
58 54 2 60 69 20 55 11 14 63 76 40 96 48
54 24 54 50 41 69 86 80 93 2 56 89 51
34 53 84 86 33 93 14 73 61 8
21 21 65 17 8 93 19 96 95 60 60 54 76 60
58 3 40 96
86 80 96 95 60 60 54 76 60
62 53 17 62 62 69 96 69 69 14 52
54 76 71 1 23 17 8 93 19
62 80 62 56 54 16 62 73 85 27 15
59 96 74 63 53 1 62
93 28 71 15 96 70
41 41 84 55 85 42 76 66 62 71 14 21
73 76 26 21 21 65 28 61 20 35 63
54 76 8 21 65 76 20 39 54 93 73 76 96 54 15 69
97 96 62 52 16 71 14 21
71 54 76 14 73 61 8 62 69 61
14 21 66 76 39 93 26 40 27 15
98 71 16 62 73 71 1 62
54 26 40 54 11 62 25 54
96 69 63 12 84 43 54 62 93
65 83 84 88
17 59 54 21 96 95 60 60 54 60
15 41 14 67 66 74 3 48 39 62
1 80 62 89 62 0 28
28 60 14 68 41 65 83 88 46 17 21
85 27 15 73 61 8
28 75 52 60 59 96 74 63 53 1 62 71 54 26 24 52 56 83 0
17 71 26 24 52 56 0 93 39 26 96 65
71 54 35 50 54 76 20 54 93
16 96 71 60 62 62 32 59 62 51
54 68 36 68 54
75 15 55 24 76 62 54 62 5 55 76 62 15 41 14 67 66
54 62 5 50 98 26 40 21 9 7 71 93 52 25 69 23 17 8 93 19 36 68 54 76
26 40 26 40 51 54 62 5 55 76 62 59 96 74 63 53 1 62
16 53 12 54 24 96 69 69 53 0 62
71 1 62 43 93 28 75 52 60
46 43 76 43 54 62 93 62 80 62 56 54
54 24 56 73 17 76 26
14 62 63 76 54 54 62 5 96 69 69
54 11 62 25 54 78 39 73 84
35 6 83 98 33 93 97 96 64 3 83 24 84 24
9 7 71 93 52 25 69 35 40 93
62 62 83 96 6 63 57 1 53 89
96 95 60 60 54 76 60 14 62 63 76 54
35 83 93
93 2 56 62 89 51 65 5 93 52 71 1 39
43 59 40 96 71
54 5 55 76 62 0 3 54 27 73 57 93
21 63 2 12 71 62 62 83 54 68 35 37 52 71 1 39 0 58 28
59 21 62 2 60 69 35 40 93 93 35 62 62 83
1 39 43 59 33 93 16 96 71 60 62
96 95 60 60 76 60 76 20 39 54 93 61 71 14 67
53 0 62 77 2 26 26 40
62 80 62 56 54 71 17 69 46 61 48 54
65 5 93 65 83 84 88
40 96 71 96 6 63 57 1 53 89 93 39 26 96 65
54 68 43 54 62 93 14 40 34 60 53
40 96 71 76 20 54 93 9 7 71 93 52 25 69
41 41 84 55 85 42 76 66 62 71 45 52 84 59 32 62
35 40 93 59 96 53 1 62 16 73 56
96 71 54 24 43 62 93 84 76 70 43 54 62 93
62 62 83 62 56 54 12 81 21 54 15 41 14 67 66 98 60
34 53 84 86 62 62 83 43 59
95 63 14 62
15 41 67 98 60 14 73 61 8
43 54 62 93 28 97
95 63 14 62 26 97 96 65 83 84 88 26 40 35 54 62 69 61
54 68 62 80 62 56 54
39 52 43 54 62 93 83 75 98 26 51 9 54 62 5 55 76 62
62 69 61 62 96 17
41 71 36 68 54 76 64 3 83 24 84 24
15 41 14 67 66 51 9 73
96 69 69 26 40 28 75 52 71 1 62
83 84 88 96 17 21
43 54 62 93 14 73 61 8
59 96 74 63 53 1 62 65 5 93
35 54 71 54 85 27 15 17 21
76 20 39 54 93 83 62 16 70 28 75 39 14 18 17
71 76 67 54 76 20 39 54 93
0 58 28 21 65 62 62 83 65 5 93
54 24 56 62 62 83 97 96 35 54
96 69 69 95 63 14 62 86 80 14 73 61 8
58 28 51 9 17 21 93 5 15 54 35 50
83 76 23 52 28 35 54
54 11 62 25 54 62 80 62 56 54 15 41 67 66 60
62 73 17 59 21 34 0 58 3 54
33 93 14 63 76 40 96 48
33 93 62 62 83
47 58 21 75 71 71 54 65 83 84 88 96 69 69 62 73
43 54 62 93 54 11 62 25 54
54 93 5 15 54 95 63 14 62 21 21 65 17 21
23 17 8 93 19 54 48 69 80 62 5 68 96
84 53
76 20 39 54 93 75 51 15 86 96
71 76 67 60 35 71 21 93 20 84 66
62 62 83 62 69 61 35 93
76 20 39
96 95 60 60 54 76 60 70 62 65 65
35 50 5 68 40 96 48 69 80 62
65 93 93 56 62 89
0 58 3 54 17 69 46 61 48 54
53 0 62 71 28 71 61 66 71 1 39 35 54 17 59 54 21
76 20 39 54 93 95 84 97 70
14 73 61 8 84 76 70
78 39 73 84
96 69 69 62 80 62 56 54 97 96 96 69 69
62 80 62 56 54 35 40 93 36 76
43 54 62 93 43 54 62 93 85 27 15
96 71 20 0 2 61
75 15 55 24 76 62 52 21 93 60 14 73 61 8
59 21 62 83 76 20 93 7 7 35 54
54 62 5 55 76 62 68 20 41 71
15 41 14 67 66 98 60 83 98 26
48 71 62 73 53 0 62
58 2 71 84 8 83 17 69 46
23 17 8 93 19 5 93 96 69 69
54 21 39 89 0 83 85 27 15 54 62 5 55 76 62
53 0 62 54 11 62 25 54 62 93 14 73 61 8
54 62 5 55 76 62 43 54 62 93 16 65 96 95 60 60 54 76 60
62 80 62 54
62 62 83 78 39 73 84 71 1 96 69 69
96 69 69 62 62 56 54 35 40 93 86 80
54 24 56 15 41 14 67 66
96 95 60 60 54 76 60 54 24 62 56 54 12 81
46 43 76 54 62 5 55 76 62 42 83 84 8
96 95 60 60 54 76 60 75 15 55 24 76 62
16 53 12 54 68 58 15 84
83 75 98 26 43 59 76 20 39 54 93
51 9 14 73 61 8 47 58 21 75 71
96 95 60 54 76 60
52 71 1 39 21 21 14 21 75 35 14 93 52
16 60 62 25 16 9 7 71 93 52 69
65 65 26 54 62 5 55 76 62 89 35 14 93 52
0 58 3 54 68 20 28 61 20 35 63 26 24 52 56 83 0
96 95 60 60 54 76 60
35 54 54 62 5 55 76 62
54 24 56 26 40 54 21 39 89 0 83
62 53 69 21
48 21 97 96 97 96 5 68 40 96 54 11 62 25 54 54 62 93
48 21 0 58 28 51 9 73 33 93
28 75 52 60
54 5 76 89 84 76 70
76 20 39 54 93 51 9 96 69 69
28 61 20 35 63 96 69 69
62 32 59 62 51 75 51 15 86 96
41 41 84 55 85 76 66 71 40 96 71
35 40 93 16 62 73
7 21 7 35 54
54 15 69 54 68 54 5 71 54
76 20 39 54 93 16 62 73 96 51 9 73
96 95 60 60 54 76 60 84 83 54 29 62
62 5 17 69 46 61 48 54 93 17 68 35 54
59 21 62 96 6 63 57 1 53 89 5 68 96 71
76 20 39 54 93 52 21 93 60
89 15 15 41 14 67 66 20 0 2 61
33 93 21 63 2 12 51 9 73 35 40 93
14 73 61 8 75 15 55 24 76 62 26 40
52 71 1 39 20 0 2 61 52 71 1 39
33 93 27 73 57 54 11 62 25 54 93
74 3 48 39 62 62 62 83 93 17 71
24 35 40 93
52 1 39 26 40 43 54 62 93
2 60 69 14 73 61 8
95 14 62
52 71 1 39 42 83 84 70 8
16 53 13 54 76 23 52 28 93 17 68
2 60 69 43 54 62 93
17 21 17 86 80 54 24 56
16 53 12 17 21 14 61 96
71 54 69 98 71 62 68
43 54 62 95 63 14 62 75 15 55 24 76 62
28 2 60 69 73 58 78 52 15 41 14
15 84 32 76 0 76
17 46 61 48 54
21 65 61 20 35 63 84 14 11 9 83 58
52 71 1 39 65 88 98 71 96 95 60 54 76 60
96 6 63 57 1 53 89
16 62 73 54 21 39 89 0 83 96 69 69
54 39 83 20 0 2 61 26 40 40 96 69 69 60 35 93
78 39 73 84 14 73 61 8 35 54 93 35
84 53 14 73 61 8 85 27 15 15 41 67
71 54 76 15 67 66 98 60
21 93 20 84 66 34 53 84 86
54 23 17 8 93 19 36 68 54 76
96 6 63 57 1 53 89 43 54 62 93
21 63 2 12 43 54 93 16 62 71 39 75
70 62 42 83 84 70 8 54 76
95 63 14 55 42 54 66
86 80 17 69 46 61 48 54
7 54 50 41 69 85 27 33 93 40
93 15 76 66 35 71 71 54 43 59 71
76 20 39 54 93 65 83 84 88 96 69 69
48 21 62 32 59 62 51 35 40 93 16 62 73
35 40 93 52 84 61 62 69 73 96 69 69 14 73 61 8
35 93 52 93 17 68 52 71 1 39
14 40 60 53 17 69 46 61 48 54
35 54 42 83 84 70 8 93 2 56 62 51 40 96 71
41 41 84 55 85 42 76 66 62 71 17 69 46 65 83 84 88 89 15
16 71 60 15 41 14 66 62 62 83 15 14 66 98
71 27 15 83 51 9 16 62 73 17 71 39 18 17
35 50 71 1 62 65 5 93
52 71 39 62 96 17 78 39 73 84
76 23 52 28
71 20 11 46 43 76 93 5 15
16 73 14 62 63 76 54 14 73 61 8
16 53 13 54 15 41 14 67 66
53 0 62 17 69 46 61 48 54
62 32 59 62 51
71 53 17 62 69
35 40 35 40 93 23 17 93 19 35 54
16 53 12 62 32 59 62 51 51 71 76 67 60 54
96 69 63 12 84 7 54 50 41 69 40 54 68
1 80 62 89 62 0 28 14 93 52 14 34 60
62 80 62 56 54 62 62 83 71 28 71 61 66
41 71 17 69 46 70 62 32 59 93
16 53 12 65 54 71 14 21 53 62 21 85 14 93 26
54 62 93 39 14 18 17 53 13 54
95 63 14 62 14 21 15 5 76 89
14 11 9 83 62 80 62 56 54
15 41 14 67 66 54 73 76 96 54 76 97 96
20 0 2 61 35 33 93 35 40 93
71 54 74 3 48 39 62 93
33 93 5 68 40 96 16 62 9 96 69 69
84 83 54 29 62 23 17 8 93 19
71 76 67 60 54 26 40 17 21 43 54 62 93
21 35 50 86 80 46 43 76 69 16
71 54 98 71 62 68 62 53 69 21
62 62 83
93 2 56 62 89 51 96 95 60 60 54 76 60
62 73 96 74 63 53 1 62
96 95 60 60 54 76 60 20 0 61 85 54 17 93
34 53 84 86 71 71 61 66 77 2 26
7 21 98 14
93 15 76 93 66 35 71 40 55 42 54 66
77 2 26 60 14 68 41
53 0 62 43 54 62 93 28 97 80 62 56 54
93 15 76 93 66 35 71 33 93 33 93
98 71 95
26 24 52 56 0 36 68 54 76 41 71 48 21 53 0 62
62 95 93 32 55 42 54 66
75 24 76 62 54 62 5 16 53 13 54
26 24 52 56 83 0 28 97
14 73 61 8 71 54 40 96 71
35 40 93 17 69 46 61 48 54
9 7 71 93 52 25 69
53 0 62 54 11 62 25 54
0 58 3 54 54 21 39 89 0 83
95 63 14 62 54 11 62 25 54 71 54
69 16 35 54 16 62 73 43 54 62 93 54 11 62 25 54
53 0 62 64 83 24 84
17 69 46 61 48 54 16 62 73
76 20 39 54 15 69 60 14 68 41
95 63 14 62 52 93 60 54 62 5 43 54 62 93 26 40
75 35 14 93 52 14 73 61 8 14 52
26 40 96 69 69 71 71 28 71 61 66
76 20 39 54 93 83 75 98 26
43 54 62 93
28 43 54 93 35 40 93
16 53 13 54
62 80 62 56 54 16
26 24 52 56 83 0 46 43 76
54 62 5 55 76 62
73 76 96 84 83 54 29 62
97 21 21 65 65 5 93
16 62 73 21 21 65 62 80 62 56 54
29 85 96 54 27 73 93 71 54
0 58 3 54
85 27 15 62 80 62 56 54 71 1 62
39 14 17 48 71 62 73 95 63 62 16 53 35 40 93
71 67 60 54 26 24 52 56 83 0
54 68
33 93 85 27 15 96 95 60 60 54 60
62 83 62 80 62 56 47 58 21 75 71 14 73 61 8 71
64 3 83 24 84 24 71 1 98 71 16 62 73
65 5 93 17 69 46 61 48 54 53 0 62
20 0 2 61 35 40 93 16 53 12
14 62 63 76 54 71 20 55 89 11 97 96
43 59 39 14 18 17 98 71
54 62 5 55 76 62 16 62 73 71 73 17 76 26
2 60 69 43 54 62 93 14 21 98 71
14 40 34 60 53 54 11 62 25 54
52 21 93 60 17 59 54 21 48 21 71 54 52 71 1 39
97 70 51 9 2 56 62 89 51 33 93
40 73 14 56 16 53 12 17 59 21 34
69 15 41 14 67 66 98 60 16 14 73 61 8
17 59 54 21 54 98 71 62 68
71 26 40 42 83 84 70 8
54 62 5 71 53 39 52 62 80 62 56 54 62 56 54 12 81 54 68
76 0 76 46 43 76 54 68 20
78 39 73 84 62 12 68 96 69 69
65 83 84 88 73 58 78 52 35 40 93 52 84 61 62 69 73
62 5 53 0 62
43 54 62 93 45 52 84 59 32 62 14 73 61 8
71 76 67 60 54 93 15 76 93 66 35 71
26 24 52 56 83 0 52 71 1 39
39 14 18 17 71 52 1 39 65 83 84 88 20 39 96 69 69
96 71 60 62 75 15 55 24 62 71 1 39 41 41 84 55 85 42 76 66 62 71
71 1 39 17 21 65 83 84 88 35 37 64 83 24 84
47 58 21 75 71 14 40 34 60 53 54
62 80 62 56 54 60 14 68 41
40 96 84 83 54 29 62
76 39 54 93 62 80 62 56 54
96 95 60 60 54 76 60 15 41 14 67 66 98 60
54 76 54 21 39 89 0 83 28 35 40 93
52 71 1 39
95 63 14 62 28 75 52 60 26 40 21 66 35 54 40 65 83 84 88
17 69 46 61 48 54 51 9 73
21 21 65 98 71 7 21 7 35 54
35 40 93 52 84 61 62 69 73 28 75 52 60
2 60 69 26 40
64 3 83 84 24 14 73 61 8 17 71
17 71 80 62 56 54
41 41 84 55 85 42 76 66 71
54 69 71 20 48 71 62 73 2 60 69
16 53 13 54 35 40 93 35 40 93
93 15 76 93 66 35 71
42 84 70 48 21 26 40 71 1 62
15 14 67 98 60 75 26
62 69 61 71 45 59 16 28 93 35 17
52 71 1 54 24 54 68 20
17 71 17 69 46 61 48 54 71 76 60 54
17 71 41 71 17 69 46 61 48 54
54 11 62 25 54 14 62 63 76 54
7 21 7 35 54 14 21
73 17 76 26 14 86 80 85 27 93 2 56 62 89 51
54 62 5 55 76 62 85 27 15 0 58 28
63 14 62 43 54 62 54 46 43 76
21 63 2 12 0 58 3 54 16 62 73 16 60 62 25 16
40 96 71 62 62 83 51 9 71
16 62 73 97 96 54 62 5 55 76 62
62 56 54 12 81 39 14 18 17 40 96 71
35 54 33 71 98 71 71
93 28 71 15 96 70 2 60 69
71 98 71 54 68 62 62 83
71 1 62 15 14 67 66 98 60
52 93 60 65 93 26 24 52 56 83 0 93 35
54 96 69 69 54 21 39 89 0 83 96 69 69
54 11 62 25 54 0 58 28 26 40 53
65 65 14 73 61 8 48 71 62 73 62 95 93 32
26 40 43 59 41 71 54 11 62 25 54
15 41 14 67 66 17 69 46 16 62 73
71 28 71 61 66
15 55 76 62 52 71 1 39 52 71 1
9 95 73 62 60 54 15 84 0 3 60 14 68 41 54 21 89 0 83
26 24 52 56 83 0
26 24 52 56 83 0 83 75 98 26 16 62
35 40 93 52 84 61 62 69 73
47 21 75 71 14 40 34 60 53 78 39 73 84
35 40 35 14 40 34 60 53 40 96 71
0 58 3 54 71 76 67 60 54 96 60 60 54 60
21 21 65 36 68 76 14 73 61 8 9 7 71 93 52 25 69
52 21 93 60 20 0 2 61
43 54 62 93 1 80 62 89 0 28 26 24 52 83 0
54 62 5 55 76 62 26 40 84 53 2 56 62 89
14 61 8 42 84 70 8 52 71 1 39
9 7 71 93 52 25 69 65 54
84 53 62 83 65 95 63 14 62
69 16 16 62 39 14 18 17 33 93
84 14 11 9 83 58 41 41 84 55 85 42 76 66 62
71 62 69 61 73 76 96 15 41 14 67 66
26 40 0 58 28 65 5 93
14 21 66 52 71 1 39
15 41 67 66 98 60
95 60 60 54 76 54 62 5 55 76 62 54 76
54 62 5 76 62 93 55 42 54 66
54 62 5
35 40 93 52 84 61 62 69 73 23 17 93 19
42 83 84 70 45 52 84 59 32 62
93 17 39 14 18 17 70 62 71 1 62
71 28 71 61 66 48 21
84 11 9 83 58 20 0 2 61 78 70 62 0 58 43 54 62 93
16 62 73 17 46 43 54 62 93
43 54 62 93 15 41 14 67 66
59 21 62 5 93 51 9 48 43 54 62 93 96 69 69
73 61 8 23 17 8 93 19 41 71 47 58 21 75 71
62 16 70 28 75 54 15 69 75 35 14 93 52 14 73 61 8
52 21 93 60 2 60 69
85 27 15 14 52 71 55 89 11 33 93 62 73
62 80 56 54 9 21 21 65 75 15 55 24 76 62
39 52 20 0 2 61
16 71 60 62
75 35 14 93 52 35 54
32 59 93 85 27 15
86 80 26 24 52 56 83 0 32 76 0 76
55 42 66 32 59 93 54 62 80 62 56 54
14 62 63 76 54 62 62 56 54 5 40 96
16 53 12 46 43 76 35 54 28 75 52 60
14 61 8 85 27 15
35 54 26 40 93 15 76 93 66 35 71 40 93
98 71 75 35 93 52 52 21 93 60
73 17 76 26
26 24 52 56 83 0 71 1 62
54 62 5 55 76 62 17 69 46
28 75 52 60 71 48 69 80 71 76 67 60 54
83 75 98 26 80 62 71 97 32 14 21
35 40 93 52 84 61 62 69 73 35 37
9 7 71 93 52 25 69
17 69 46 61 48 54 17 69 46 61 48 54 54
16 62 73 95 63 14 62 35 37 86 80 65 83 84 88
93 35 85 54 17 93 62 80 62 56 54 73 17 76 26
14 17 53 17 62 62 46 43 76
54 11 62 25 54 16 96 71 60 62
41 41 84 55 85 42 76 66 62 71 62 56 54 12 81
28 61 20 35 63 71 70 54 68 20
36 68 54 76
71 54 69 98 71 62 68 65 5 96 69 69
85 27 26 32 76 0 76
61 71 54 71 1 62 43 59 14 21
21 93 60 40 73 14 56 58 2 71 84 8 83
84 14 62 63 54 71 1 62
26 24 52 56 83 0 21
83 75 98 26 54 76 43 59 35 40 93 17 68
76 20 54 93
96 95 60 60 54 76 60 97 54 21 89 0 83
17 69 46 52 21 93 60 93 2 56 62 89 51
28 61 20 35 63 54 68 20
52 71 1 39 96 95 60 60 54 76 60
54 14 73 61 8 71 73 76 96
14 73 61 8 85 27 15 26 24 52 56 83 0
15 84 89 1 84 35 54
7 21 7 35 54 17 69 46
85 54 17 93 78 39 73 84
21 21 65 75 15 55 24 76 62 33 93 33 93
54 71 54 47 58 21 75 71 96 69 69
15 84 89 1 84 16 60 62 25 16 54 5
93 17 68 64 76 20 39 54 93
98 71 95 63 14 62
53 0 62 26 24 52 56 83 0
35 40 93
59 96 74 63 53 1 62
45 59 16 28 96 69 69 35 50 35 40
7 21 98 14 17 69 46 54 68 20
54 76 73 76 96 14 73 61 8
65 83 84 88 48 71 62 73 62 68
96 69 69 95 63 14 62
96 69 69 86 80 48 71 62 73
86 80 96 71 60 5
62 16 70 28 75 2 69 7 21 7 35 54
16 60 62 25 16 62 62 83
21 63 2 12 84 14 11 9 83 58 98 17 21 0 58 54
96 69 69 96 69 69 71 28 71 61 66 43 59
34 53 84 86 52 21 93 60 5 68 40 96
16 53 12
43 54 62 93 48 71 62 73
76 20 93
1 62 89 62 0 28 29 85 96 54
71 1 62 48 69 80 62 54 68 84 83 54 29 62
62 73 65 65 43 54 62 93 16 62 73
5 28 61 20 35 63 76 20 54 93
35 40 93 14 67 66 98 60 70 62
62 80 62 56 54 54 23 17 8 93 19
17 69 46 63 17 69 46 21 21 65
15 41 14 67 66 16 53 12
96 6 63 57 1 53 89 96 95 54 60 86
97 96 2 60 69 15 41 14 67 66 98 60
96 95 60 54 76 17 98 71
16 53 13 54 17 59 54 21
93 35 70 62 71 71 54 69 98 71 62 68
16 65 17 54 62 5 55 76 62 26 52 56 83 0
62 52 83 65 16 71 62 50 35 37
40 54 24 56 40 93 16 62 73
27 73 57 93 78 73 84
85 27 15 76 39 54 93 75 15 55 24 76 62 28 75 52 60
9 7 71 93 52 25 69
96 95 60 60 54 76 60 96 6 63 57 1 53 89
26 24 52 56 83 0 93 17 68 95 63 14 62 58 96 69 69
78 39 84 48 62 73 14 21 66
41 41 84 55 85 42 76 66 62
21 39 89 0 83 93 5 15 54
47 58 21 75 71 21 21 65 71 54 0 58 28 80 62 56 54
83 88 26 40 73 76 96 43 16 62 73
65 5 93 35 40 93 85 27 15
17 69 46 80 62 56 54 43 54 62 93
62 62 83 54 68
42 83 84 8 76 20 39 54 93 48 21
48 21 71 54 16 54 15 69 96
20 0 2 61 32 0 76 76 20 39 54 93 14 73 61 8
96 69 63 12 84 35 40 93
14 73 61 8 85 27 15 21 65 54 14 73 61 8
15 84 89 1 84 54 71 20 55 89 11
84 76 70 14 62 63 76 54
1 80 89 62 28 17 69 46 54 68 96 95 60 60 54 76 60
71 54 69 98 71 62 68
32 71 76 54 54 76 16 53 76 20 39 54 93
62 56 54 12 81 76 20 39 54 93
15 41 14 67 66 98 60 21 65 83 84 88
54 15 41 14 67 66 98 60
54 62 5 50 16 53 13
24 52 56 83 0 17 21 35 54
69 46 9 7 71 93 52 25 69 16 65 96 69 69
54 11 62 25 54 65 16 53 12 1
42 83 84 70 8
21 14 73 61 8 54 11 62 25 54
93 15 76 93 66 35 71 14 73 61 8 69 16
15 41 14 67 66 54 52 21 60 97 17 59 54 21
17 69 46 96 6 63 57 1 53 89 84 76 80 62 56 54
45 59 16 28 32 76 0 76 17 21 52 21 93 60 64 83 24 84
96 95 60 60 54 76 60 71 1 62
65 83 84 88 17 59 21 34
12 27 93 63 14 62 63 76 54 62 56 54 12 81
52 21 93 60 5 68 40 96 17 21 62 96 17 34 53 84
54 62 5 55 76 62 15 41 14 67 66 98
40 96 71 73 61 8 75 15 55 24 76 62
65 96 69 69 14 73 61 8
62 56 54 12 81 7 21 7 35 54
54 62 5 40 96 71 60 75 31 89
52 21 93 60 16 62 73 88 84 62 34 75 52 71 1 98 71
26 40 71 54 15 41 14 67 66 52 71 1 39
62 80 62 56 54
9 7 71 93 52 25 69 53 0 62
62 96 17 24 56 37 71
62 62 56 0 58 54 62 26 40 26 40 34 53 84 86
54 62 5 55 76 62 54
54 62 5 55 76 62 96 6 63 57 1 53 89
62 62 83 17 69 46 43 62
47 58 21 75 71 26 24 52 56 83 0
26 40 71 0 58 3 54 62 62 83 54
53 0 62 9 95 73 60 73 15 62 62 83
26 24 56 83 0
15 41 14 67 66 98 60
76 20 39 54 93 60
20 0 2 61 62 56 54 12 81 34 84 86
48 69 62 35 37 54 39 89 0 83 54
14 52 62 32 59 62 51 85 54 17 93
40 96 71 2 60 69
64 83 84 62 95 93 32 96 69 69 17 40 56 54 70
40 96 71 93 15 76 93 66 35 71 54 33 93
62 73 17 68
23 8 93 19 43 62 93 65 83 84 88
62 62 83 28 97
9 7 71 93 52 25 69 62 73 53 0 62 17 21
93 17 68 41 41 84 55 42 76 66 62
14 73 61 8 17 21
16 53 13 54 53 12 17
65 83 84 88 75 76 73 17 76 26 96 69 69 85 27 15
43 54 62 93 15 41 14 67 66
84 53 17 69 46 61 48 54 17 69 46 61 48 54
54 15 69 1 39 96 2 60 69 95 63 14 62
51 9 73 16 62 73 65 5 93
54 71 1 62 17 69 46 48 54 15 5 76 89
54 21 39 89 83 85 27 15
14 73 61 8
42 83 84 70 8 54 11 62 25 54
93 2 56 62 89 51 42 83 84 70 8
54 14 40 34 53 76 20 39 54 93 35 93
15 41 67 48 21 17 21
51 9 54 76 20 39 54 93
16 28 75 2 60 16 53 13 54
35 54 93 17 68 14 73 61 8 16 62 52 71 1 39
71 76 67 60 54 71 28 71 61 66
23 17 8 93 19 96 69 69
52 21 93 60 48 21 55 42 54 66 35 40 93 26 24 52 56 83 0
0 3 54 96 69 69
1 80 62 89 62 0 28
71 48 71 62 73
97 96 73 76 96 52 71 1 39 43 54 62 93
35 54 21 21 65 40 71 98 14 40 34 60 53
42 83 84 70 8 15 41 14 67 66 98 60 58 78 52
35 40 93 52 84 59 32 62
62 73 40 96 71 75 15 55 24 76 62
84 14 9 83 58
51 9 60 75 31 89 54 39 89 0 83
28 97 14 21 17 46 61 48 54
76 20 54 93 14 40 34 60 53 65 83 84 88
86 80 73 76 96
14 61 8 54 62 5 55 76 62 70 48 71 62 73 48 71 62 73
93 15 76 93 66 35 71 97 96
97 96 33 93
51 9 71 20 55 89 11 62 62 54
39 14 18 17 17 21 16 62 73 96 95 60 60 54 60
45 59 16 28 2 60 69 96 69 69
75 51 15 86 96 53 13 54 96 71 60 62
80 62 71 63 95 97 32
96 69 69 62 98 71 93 35 86 80 17 71 54 11 62 25 54
14 73 61 8 54 62 5 55 76 16 62 73 5 68 40 96
62 62 83 43 54 62 93 54 54 76 20 39 54 93
97 96 40 96 71 23 17 8 93 19 62 96 17
96 69 69 15 41 14 67 66 98 60 35 40 93
96 69 69 62 17 52 1 39 5 68 40 96
17 21 12 27 63 36 54 76
65 5 93 51 9 73 9 7 71 93 52 25 69 35 54
26 40 62 83 54
14 62 63 76 54
96 95 60 60 54 76 60 20 5 68 40 96
75 35 14 93 52
43 54 62 93 76 33 93 71 28 71 61 66
39 14 18 17 52 1 39
17 71 15 41 14 67 66 35 40 93 52 84 61 62 69 73
96 69 69 46 43 76 75 35 14 93 52
59 96 74 63 53 1 62 71 76 67 54
54 15 15 41 14 67 66 98 60
64 3 83 24 84 24
16 62 73 84 76 41 41 84 55 85 42 76 66 62 71 71 20 55 89 11
71 28 71 61 66 71 65 65
98 71 98 62 43 54 62 16 65 54 11 62 25 54
0 58 28 70 62 20 0 2 61 71 1 62
51 9 41 14 67 80 56 54 35 83 93
23 17 8 93 19 26 83 57 52 71 1 84 70
28 61 20 35 63 62 62 83 62 62 83
62 80 62 56 54 16 60 62 25 16
28 75 28 75 60
43 54 62 93 43 62 93 14 63 76 40 96 48
35 40 93 28 75 52
54 76 64 3 83 24 84 24 35 37
65 83 84 88 35 17 69 46 58 3 54
26 40 35 54 74 3 48 39 62 60 31 89
15 84 96 95 60 54 76 60 59 21 62 52 21 93
76 20 39 54 93
16 62 16 53 13 54 84 76 60
62 53 69 21 96 95 60 54 76 60
54 11 62 25 54
23 17 8 93 19 15 41 14 67 66 71 76 67 60 54
39 14 18 17 17 69 46 17 21 26 24 52 56 83 0
62 62 83 16 53 13 54 26 24 52 56 83 0
84 83 54 29 62 54 68 20
14 21 14 62 63 76 54 51 9 45 59 16 28
15 41 14 67 66 98 60 54 17 21
54 26 40 62 96 17 71 28 71 61 66
64 3 83 24 84 24 75 35 14 93 52
54 42 83 84 70 8 28 75 52 60 35 40 93
65 5 93 48 21
65 54 83 76 23 52 28
40 34 60 53 62 80 62 56 54
98 71 33 93
96 69 69 26 14 21 48 21
9 7 71 93 52 25 69
35 76 54 24
14 73 61 8 26 24 52 56 83 0
2 60 69 54 62 5 55 76 62
15 41 14 67 66 84 14 11 9 83 58
20 0 2 61
62 62 83 54 62 5 55 76 62
2 60 69 65 5 93 45 59 28 65 5 93 43 59 73 76 96
93 2 56 62 89 51 17 59 54 21
85 27 15 33 93
26 83 57 15 84 62 80 62 56 54
7 71 93 52 25 69 96 69 69 62 73
14 73 61 8 43 54 62 93 20 0 2 61
96 95 60 60 54 76 60 64 24 84
15 5 89 33 93
35 54
43 54 62 93 14 73 61 8
96 95 60 83 16 65 5 68 40 96 43 59
85 54 17 93 71 53 0 62 15 66 60
71 17 21 54 17 21 62 62 83
28 61 20 35 63 93 15 76 93 66 35 71
14 62 63 76 54 40 80 62 56
42 83 84 70 8 17 69 46
28 75 52 60 34 53 84 86
93 35 15 41 14 67
43 54 62 93 43 54 62 93 98 71 21 21 65
76 20 39 54 93 43 54 62 93
1 80 62 89 62 0 28 93 15 76 93 66 35 71
95 73 62 60 75 35 93 52 26 52 56 83 0
62 52 65 54 68 62 73
85 27 15 61 71 71 76 67 60 54
41 41 84 55 85 42 76 66 62 71 52 71 1 39
76 20 39 54 93
75 51 15 86 96 17 59 21 34
48 21 2 64 3 83 24 84 24 51 9 17 21
14 73 61 8 96 69 69
14 73 61 8 43 54 93 71 1 62 43 59 21 63 2 12
26 24 52 56 83 0 96 69 69
15 41 14 67 66
71 54 28 61 20 35 63 43 54 62 93
83 76 23 52 28 1 80 89 62 0 28
51 9 73 26 40 52 71 1 62 53 69 21 54 24 56
29 85 96 54 26 24 52 56 83 0
96 69 69 9 7 71 93 52 25 69
0 58 28 54 15 69 53 0 62 62 53 0 62 26 24 52 56 0
51 9 73 64 3 83 24 84 24
35 40 93 52 84 61 62 69 73 65
28 21 93 59 96 74 53 1 62
26 83 57 76 20 39 93 95 63 14 62 71
0 58 3 54 62 62 83 14 52
76 20 39 93 62 80 62 56 54
52 71 1 39
62 93 32 0 58 3 54 65 54
97 96 60 62 62 83
62 80 62 56 54 35 40 93 80 56 54
62 56 54 12 81 73 76 96 54 62 5 55 76 62
21 85 14 93 26 43 54 62 93
48 71 62 73 7 21 7 35 54 76 20 39 54 93
71 28 61 66 96 69 69 41 14 67 27 73 57 93
0 58 28 40 17
60 60 16 62 73 51 9
51 9
93 39 26 96 65
64 83 24 84 17 69 46
14 21 54 62 93
98 71 52 71 1 39
35 40 93 52 84 61 62 69 73 62 80 62 56 54
54 11 62 25 54
59 96 74 63 1 62
16 60 62 25 16 16 53 12 62 80 62 56 54
71 28 71 61 66 15 5 76 89 97 96
37 14 67 60 43 62 93 43 62 93
16 60 62 25 16
16 62 73 32 76 0 76 17 21
62 54 12 81 62 80 62 56 54
86 93 35 62 62 83
16 62 73 17 69 46 61 48 54
62 62 83 28 75 52 60
14 21 96 95 60 60 54 76 60
71 55 89 11 28 75 52 60 86 80
28 71 61 66
71 76 67 60 73 61 8
96 6 63 57 1 53 89
96 69 69 62 62 34 53 84 86
14 62 63 76 54 33 93 0 58 28 71 11 62 25 54
96 69 69
71 76 67 60 54 7 21 7 35 54
64 83 24 14 21 54 68 20
21 17 69 46 61 48 54
93 2 62 89 51 83 84 15 14 67
83 75 98 26
54 24 71 14 61 8 71 54 56
34 53 84 86 75 51 15 86 96 62 62 83
54 62 5 62 80 62 56 54
58 3 54 48 71 62 73
14 73 61 8 2 60 69 71 1 62 40 96 71
53 0 62
62 80 62 56 54 17 69 46 2 60 69
54 97 96 76 96 54 28 75 52 60 89 15 15 41 14 67 66 98 60
14 73 61 8 41 71
71 1 36 68 54 76 20 55 89 11
84 14 11 9 83 58 54 75 35 14 93 52
7 21 7 35 54 24 56 26 40 54 62 5 34 53 86 62 56 54 12 81
46 43 76
52 21 93 60 43 54 62 93
14 73 61 8 20 0 2 61
62 80 56 54 52 71 1 39 17 69 46 61 48 54
75 35 14 93 52
14 73 61 8 96 69 69 40 93
16 53 13 54 52 71 1 39 39 14 18 17 60 69 35 40 93
71 1 62 93 15 76 93 66 35 71
43 59 54 11 62 25 54 54 62 5 55 76 62
75 35 14 93 52 54 26 24 52 83 0
54 76 60 14 68 41 75 35 14 93 52
43 54 62 93 28 75 52 60 14 40 34 60 53 21 21 65
95 63 14 62 95 63 14 62 54 24 96 69 69
53 0 62 96 95 60 60 54 76 60 14 73 61 8
42 84 8 35 54 73 58 78 52
0 58 28 59 21 34 96
1 62 89 62 0 28 62 56 54 12 81
29 85 96 54 62 50 46 43 76 16 73
17 21 54 62 5 55 76 62
