21 21 65 65 65
83 73 21 12 14 73 61 8 96 6 63 57 1 53 89 14 21 66
12 98 84 37 48 95 62 51 71
26 40 35 40 93 35 40 93 5 93
76 20 39 54 93 54 14 73 61 8
71 65 76 62 93 60 60 21 37 54 20 76 52 71 1 39
42 83 84 70 8 17 69 46 61 48 54
83 93 14 45 52 84 59 32 62 71 20 55 89 11 14 21 66
76 62 16 66 52 54
62 71 63 95 97 32 14 21 1 80 62 89 62 0 28
71 1 62 54 51 35 40 93 52 84 61 62 69 73
43 54 62 93
70 40 54 5
61 66 48 15 58 53 62 58 84 16 64 36
16 62 73 88 75 15 5 76 89 71 76 67 60 54 65 54
54 76 73 9 33 93 84 16 15 23 46 64
16 28 75 15 41 14 67 66
9 7 71 93 52 25 69 70 62
76 62 16 66 52 54 2 60 69 14 73 61 8
14 40 34 60 53 56 16
12 28 21
78 39 73 84 62 62 83 48 71 15 17 59 21 34
97 62 62 83 62 62 83 5 83 71
60 69 31 7 54 50 41 69
83 14 23 17 8 62 80 62 56 54 96
98 60 93 1 9 59 2 71 62 80 62 56 54
54 76 52 73 9 54 17 69 46
54 9 15 61 52 4
0 58 28 75 54 9 15 17 69 46
71 65 76 62 54 51 53 0 62 71 93
48 71 62 73 71 1 62 70 40 54 5
54 39 89 0 83 54 76 52 73 9
2 45 71 93 14
83 93 14 84 14 11 9 83 58
54 21 39 89 0 83
93 60 60 21 37 54 20 76 71 54
98 62 43 54 62 71 15 2 45 71
71 54 9 15 84 98
70 40 54 5 75 25 82
5 71 14 70 16 46
9 7 71 93 52 25 69 96 69 69 34 53 84 86
8 16 54 28 25 52 21 93 60 86 69 66 84 58 3 54
48 69 80 62 62 62 83
59 21 62 71 28 71 61 66 71 48 88
5 62 83 73 83 26 73 39 14 18 17
27 73 57 93 54 62 5 55 76
16 53 12 65 5 93 60 75 31 89
83 73 12 86 80 84 16 15 23 46 64
62 16 70 28 75 26 40 62 5 40
48 15 58 62 58 71 48 95 88 86 80
17 69 46 48 54 84 76
2 0 58 3 54 84 14 11 9 83 58
45 59 16 28 95 93 69 98 93 45 71
54 15 53 0 62
65 83 84 88 93 17 68
14 40 34 60 53 70 40 54 5
23 17 8 19 83 69 71 28 75 52 60
54 62 5 55 76 62
83 73 21 12 54
62 12 68 0 2 61 96 60 60 54 76 71 95 88
75 62 0 58 3 54 71 20
76 83 15 41 14 67 66
53 39 52 97 96 71 65 76 62
46 43 76 16 60 62 16 48 21 71 54 69 98 71 62 68
26 24 52 56 83 0
2 60 69
9 7 71 93 52 25 69
14 21 84 14 11 9 83 58 54 73 51 14 54
16 42 29 86 5 40 65
71 28 71 61 66 26 40 54
0 21 21 65 16 42 29 86 5 40 65
61 52 66 4 14 73 61 8
54 76 52 54 62 5 15 67 66 98 28 97 75 15 24 76 62
27 26 64 83 24 84 76 20 39 54 93
45 84 59 32 62 69 73 90 66 62
17 59 54 21 16 62 73
53 0 62 77 90 19 7 73 65 54
71 95 88 62 56 54 12 81
14 62 63 76 54
21 93 60
15 58 53 62 58 17 69 46
35 50 77 90 19 7 73 26 83 57 17 71 23 17 93 19
98 71 54 15 69
28 97 54 9 93 1 16 62 73 15 5 76 89
45 59 16 28 17 71 46 43 76
2 71 52 71 1 61 52 66 4 28 97
54 11 62 25 54 83 93 14 26 98 95 53 71 17 69 46 61 48 54
2 45 34 53 84 86 43 54 62 93
15 41 14 67 66 98 60
83 73 21 12 54 52 73 9 71 65 62
96 69 69 16 53 13 54 43 54 62 93 97 96 9 93 1
14 73 61 8 62 80 62 56 54 98 71
43 54 62 93 71 76 67 60 54
71 48 95 88 5 68 40 96
15 41 14 67 66 60
21 93 20 84 66 17 69 46
61 52 66 4 65 83 84 88 77 90 19 7 73
64 3 83 24 84 24 12
66 28 7 21 7 35 54
70 54 43 54 62 93 28 61 20 35 63
48 71 62 73 2 45 71
23 17 8 93 19 71 48
14 55 42 54 66 16 62 73
34 53 84 86 3 95 15
66 28 90 19 7 73 35 40 93 83 73 21 12
3 83 24 84 24 35 54 84 70
1 80 62 89 62 0 28 1 70 40 54 5
93 14 93 14 12 12 40
21 21
16 54 28 25 48 21 26 98 95 53 71 88 75
62 62 56 54 96 69 69 77 19 7 73 21 12
15 2 98 75 54 25 2 45 71 17 69 46
14 70 71 96 93 21 21 65 5 62 83 73 83 26 73 62
17 69 46 61 48 54
35 40 26 98 95 53 71
34 53 84 86
86 80 54 9 15 62 69 61 84 76 70
5 62 83 73 83 26 73 14 21 42 83 84 70 8
77 90 19 73 83 93 14
40 93 52 84 62 69 73
15 41 14 67 66 98 60
54 76 73 9 95 93 69 98 93 71 71 65 62
54 15 69 28 97 52 71 1 39
46 43 76
16 80 23 62 84 89
35 40 93 52 84 61 62 73 71 1 39 35 40 93 52 84 61 62 69 73
15 41 14 67 60
43 54 62 93 17 71 62 80 62 56 54
70 40 54 5 21 93 20 84 66
54 9 15 70 93 2 57
88 75 35 54 1 80 62 89 62 0 28 71 28 71 61 66
16 93 98 71 93 2 56 62 89 51
0 58 3 54 54 11 62 25 54 96 69 69 48 21
93 15 76 54 54 15 69
96 69 69 83 54 29 62
52 21 93 60 88 75
83 73 21 12 97 96 21 93 20 84 66 96
5 62 83 73 83 26 73
62 62 83 75 25 82 78 39 73 84 16 53 13 54
71 15 26 40 84 16 64 36 66 62 14 28 71 61 52 66 4 96
75 15 55 24 76 16 42 29 86 5 40 65 5 83 69 71
51 9 66 28 9 93 1 71 54
93 14 93 15 76 93 66 35 71 70 54 62 5 55 76 62
64 3 83 24 84 24 14 62 63 76 54 84 14 11 9 83 58
16 71 60 62 65 5 93 42 84 70 16 62 73
2 45 71 54 9 15 47 58 21 75 71 28 75 52 60
62 93 60 60 21 37 54 20 76 0 58 3 54
96 69 69 53 0 62
43 54 93 52 21 93 60 35 50
2 45 93 60 60 21 37 54 20 76
52 71 1 39 42 29 86 65 94 51
64 83 24 84 17 69 46 86 69 66 84
71 1 62 48 71 62 73
71 39 75 71 1 62
62 80 56 54
16 62 73 14 70 16 46 54 52 73
83 73 21 12
42 84 70 8 15 41 14 66 98
65 5 93 85 54 17 93 93 15 76 54
26 24 52 56 83 0 84 14 11 9 83 58
93 14 93 14 12 12 71 17 69 46 61 48 54 71 54 69 98 71 62 68
54 21 39 89 0 75 62
54 24 56 8 84 14 11 9 83 58 40 96 71 97 96
54 73 51 14 54 62 50 16 53 13 54
71 20 55 89 11 5 93 73 61 11 69 45 52 84 59 32 62
52 71 1 39 2 56 62 89 76 16 66 52 54
62 62 83 59
76 20 39 54 93 62 62 83 84 16 15 23 46 64
5 62 83 73 83 26 73 73 76 96
55 42 54 66 54 51
41 41 84 55 85 42 76 66 62 71 20 0 2 61
52 71 1 39 45 52 84 32 62 96 16 75 35 96
75 35 14 93 52 76 20 39 54
2 16 73 76 96 2 45 71
69 16 76 20 39 54 93 39 73 62 62 83
54 76 9 71 65 62 42 83 84 70 8
85 27 5 62 83 73 26 73 21 39 89 0 83
17 69 46 61 48 54
45 59 16 28 5 83 69 71
5 93 96 95 60 60 54 76 60
35 40 93 73 90 66 62 21 12
53 0 62 76 83 55 42 54 66 84 16 64 36
5 68 40 96
59 96 74 63 53 1 62
62 62 83 76 23 52 28 62 83 73 83 26 73
62 83 93 14 14 39 73 2 60 69
62 62 83 59 16 54 53 13 54
5 62 83 73 83 26
27 73 57 93 28 52 60
15 5 76 89 35 54 48 15
23 17 8 93 19 64 3 83 24 84 24
16 54 28 25
78 39 73 84 54 70 40 54 5
34 53 84 17 71 9 7 71 93 52 25 69
93 15 76 93 66 35 71
62 83 54 73 51 14 95 93 69 98 93
7 21 7 35 59 21 62 85 93 63 61 13
97 96 48 15 75 52 60
15 84 89 1 84 71 98 71
23 17 8 93 19
83 73 12 43 54 62 48 62 58
14 73 61 8 54 9 15 2 60 65 83 84 88
71 20 55 89 11 5 68 40 96 35 40 93
75 35 93 52 16 76 52 73 9
56 16 71 15 93 35 83 75 98 26 65 54 62 80 62 54
43 54 62 93 16 80 23 62 84 89 69 26 83 57
75 62 71 48 95 88 34 53 86 54 15 69 0
21 14 71 93 12 93 69 48 71 15 66 28
70 93 2 54 73 51 14 54 26 83
71 65 76 62 35 40 93 54 51 15 58 53 62 58
54 76 52 73 9 53 0 62 17 71 2 45 71
14 73 61 8 93 17 68 41 71
65 96 16 75 35 96 83 73 12 23 17 8 93 19 48 21 65 83 84 88
54 76 52 73 9 73 90 66 62
16 42 29 86 5 40 65 54 68
43 35 40 93 52 84 61 62 69 73
28 60 5 93 73 61 11 69 17 71
54 5 93 64 71 95 85 27 26
76 20 39 54 93 28 61 20 35 63
52 62 36 20 0 2 61 83 21 12 73 90 66 62
62 32 59 62 51 86 69 84
96 95 60 60 54 76 60 83 84 88 96 69 69
96 69 69 84 53 97 96 84 14 11 9 83 58
66 28
83 73 12 96 69 69
34 53 84 86 14 40 53
54 5 12 28 21 62 56 54 12 81 17 69 46
57 64 14 71 65 76 62 1 54 21 39 89 0 83
65 5 93 75 51 15 86 96 62 5 40
35 54 54 56 93 54 51 62 80 62 56 54
35 40 93 52 84 61 62 69
93 35 16 62 5 11 96 71 98 14 18 17
15 41 66 98 60 26 98 71 50 93 29
24 15 41 14 66 98 60
62 63 76 54 76 83 15 41 67 66
16 28 75 15 41 14 67 66 98 60
54 76 52 73 9 83 93 14 21
96 95 60 60 54 76 60 96
14 40 34 60 21 65 26 24 52 56 83 0
54 9 15 9 7 71 93 52 25 69 84 16 64 36 93 14 73 76 96
54 62 5 55 76 62 71 76 67 60 54 0 58 3 54
20 0 2 61 14 40 34 53 71 1 62
43 54 62 93
64 3 83 24 84 24
43 54 93 45 52 84 59 32 62
40 62 96 17 7 54 50 41 69
9 7 71 93 52 25 69 84 16 15 23 46 64
61 52 4 17 59 54 21
16 80 23 62 84 89
42 29 86 65 94 51
75 62 47 58 21 75 71
62 62 83 70 40 54 5 51 9 71 1 62
28 61 20 35 63 84 14 9 83 58 96 16 75 35 96
5 93 73 61 11 69 54 9 15 85 27 15
54 89 0 17 69 46 61 48 54 54 76 52 73 9 76 84 14 83 66
54 76 52 73 9
26 40 54 62 5 55 76 62 93 2 57
9 20 50 17 75 15 55 76 62
71 48 95 88 59 96 74 63 53 1 62
20 0 2 61 62 5 77 90 19 7 73
62 73 21 93 5 15 17 59 54 21
93 14
65 83 84 88 71 65 76 62 14 85 36
80 62 71 63 95 97 32 53 52 66 4 14 40 34 60 53
71 1 62 66 39 98 11 16 53 13 54 16 62 73 5 93 73 61 11 69
93 15 76 93 66 35 71 2 71
28 75 52 60 66 28
5 62 83 73 83 26 73 54 62 25 54
16 53 13 54 70 40 54 5 27 15
76 62 16 52 54 70 62 0 58 28
43 59 60 69 31 16 53 12 17 71
23 17 8 93 19 84 16 64 36
93 12 93 69 88 15 41 14 67 66 98 60
71 28 73 21 12 28 75 52 60
62 80 62 56 54 52 71 1 39
70 40 54 5 86 80 0 3 54 70 62 93 12 93 69
53 17 62 62 83 75 98 26
61 52 66 4 26 98 71 93 29 93 5 15 54
42 70 8 43 59 77 90 19 7 73 93 12 69
15 76 89 14 52 54
75 76 77 90 19 7 73
5 83 69 71
43 59 96 6 63 57 1 53 89
64 83 24 84 62 56 54 12 81 54 62 5 55 76 62
54 62 5 61 52 66 4
76 62 16 66 52 54 62 96 17 28 75 52 60
75 15 55 24 76 62
83 71 92 14 56 32
12 98 84 37 16 65 93 5 54 75
12 28 21 65 14 73 61 8
85 27 15 17 69 46
26 40 5 62 83 73 83 26 73
70 70 40 54 5 8 69 77 90 19 7 73
96 69 69 52 71 1 39
17 86 69 66 84
34 53 84 86 73 95 51 54 95
71 15 54 40 96 84 83 54 29 62 34 53 84 86
62 62 83 61 52 66 4
14 68 41 26 40
32 76 0 76 0 28 98 62 43 54 62
51 9 73 27 73 57 93 54 62 5 55 76 62 75 62
28 97 17 71 56 16
48 15 58 62 58
97 96 14 73 61 8 71 65 76 62
28 20 35 63 9 93 1 53 84 86
93 17 68 50 95 17 54 76 52 73 9
71 65 76 62 83 75 98 26 54 28 0 58 35 40 93
28 75 52 60 62 59 62 51
93 60 60 21 37 54 20 76
60 69 31
54 21 39 89 0 83 76 83 16 62 73 54 76 52 73 9
16 60 62 25 16 14 73 61 71 28 71 61 66
36 68 54 76 9 7 71 93 52 25 69 96 95 60 60 54 76 60
60 69 31 71 28 71 61 66
33 93 35 40 93
84 11 9 83 58 39 14 18 17
15 14 67 66 98 60 54 11 62 25 54
51 9 48 71 62 73
41 41 84 55 85 42 76 66 62 71
71 1 62 75 25 82 20 0 2 61 0 2 61
41 41 84 55 85 42 76 66 62 71 62 5 40
35 40 93 95 93 32
21 93 20 84 66 76 62 16 66 52 54
60 69 31 85 27 15 34 53 86 8 69 71
71 76 67 60 54 17 98 93 60 60 21 37 54 20 76
5 62 83 73 83 26 73 54 62 5 55 76 62
71 54 73 51 14 54 88 96 95 60 60 54 76 60
61 52 66 4 9 70 5 14
36 68 54 76 52 71 1 39 70 40 54 5
74 3 48 62 95 69 98 93
76 52 73 9 95 63 14 62 48 71 15
21 21 65 93 12 93 69
71 76 67 60 54 2 45 71 76 83
54 51 43 54 62 93 84 16 15 23 46 64 62 80 62 56 54
77 90 19 7 73 96 69 69 20 0 2 61
83 73 21 12 26 40 93 12 93 69 71 54 24 33 93
12 28 21 84 76 66 28 14 63 76 40 96 48
62 62 83 27 73 57 93 16 80 23 62 84 89
26 24 52 56 83 0 86 80
12 68 73 90 66 62 75 62 21 21 65
75 15 55 24 76 62 52 71 1 39
62 62 83 16 36 24 46 43 76 84 16 64 36
21 63 2 12 93 93 48 41 71 14 62 63 76 54
54 9 15 71 1 62
93 14 75 25 82
4 21 35 76 54
2 70 40 54 5 46 43 76
9 95 73 62 28 71 61 66
98 37 93 60 60 21 37 54 20
0 58 3 54 40 96 71
83 75 98 26 5 93 64
95 63 14 62
16 42 29 86 5 40 65
70 40 54 5 54 11 62 25 54
16 23 84 89 65 65 93 12 93 69
54 5 71 54 62 5 55 76 62 7 71 93 52 25 69
65 83 84 88 76 20 39 54 93
17 21 16 53 12 73 90 66 62 98 7 87 5 54
48 15 58 53 62 58 16 28 75 26 24 52 56 83 0
2 45 71 71 1 62 34 53 84 86
71 1 62 43 54 62 93 54 68 12
43 54 62 54 76 17 69 46 50 17 12 98 84 37
60 69 31 45 52 84 59 32 62
48 15 5 93 64 76 54 28 71 61 66 62 62 83 96 95 54 76 60
5 62 83 73 83 26 73
5 62 83 83 26 73 0 58
59 96 74 63 53 62 65 93
14 70 16 5 83 69 71
96 69 69 14 73 61 8 48 21
71 28 71 61 66 21 93 60 95 14 62
76 62 16 66 52 54 26 52 71 1
85 27 15 14 40 34 60 53
62 16 70 28 75 28 61 20 35 63
66 28 96 69 69 14 73 61 8 76 83
14 39 73
2 16 17 69 46
93 15 76 93 66 35 71 9 93 1 71 1 62 26 98 95 53 71
60 69 31 83 93 14
84 16 64 36 96 69 69 73 21 12
54 76 52 73 9 62 62 83 71 76 62
54 41 63 56 71 39 75 96 69 69 2 45 71
51 9 15 2 98 75 25 77 19 7 73
93 55 63 52 62 15 36 76 20 39 54 93
64 3 83 24 84 24 16 62 73 35 40 93 48 21
17 59 54 21 75 35 14 93 52 75 71 28 71 61 66
14 40 34 60 53 40 70 93 2 57
54 76 73 9 76 14 83 66 14 40 34 60 53
86 69 66 84 7 21 7 35 54 71 28 71 61 66
54 76 52 73 9 76 20 39 93
76 20 39 54 93
53 0 62 84 16 15 23 46 64 78 39 73 84
48 69 80 62 73 90 66 62 15 84 89 1 84 54 11 62 25 54
83 73 21 12 54 76 52 73 9
43 54 62 93 41 14 66 98 60 43 59 71 48 95 88
83 73 21 12 40 96 54 68
5 62 83 73 83 26 73 21 65 83 84 88
84 97 83 73 21 12 62 62 83 39 14 18 17
50 95 17 12 62 80 56 54 96 6 63 57 1 53 89
12 98 84 37 66 28 76 62 16 66 52 54
9 95 73 62 60 8 69
40 70 40 54 5 20 0 2 61 71
42 29 86 65 94 51 16 54 28 25
71 20 55 89 11 65 65
5 93 64 65 5 93 48 69 80 62
54 5 93 64 96 95 60 60 54 76 60
62 53 69
83 69 71 83 77 40 14 12 75
17 69 46 61 48 54 70 40 5
34 53 84 86 71 14 71 96 93
15 41 67 66 98 60 74 3 48 39 62
43 54 93 43 54 62 93 48 71 62 73
75 62 15 5 76 89 16 53 12 54 9 15
16 53 54 48 21 96 6 63 57 1 53 89
97 96 21 28 21 95 63 14 62 17 69 46
58 2 71 84 8 83 33 93
36 68 54 71 75 54 24 56
21 7 35 54 60 69 31 73 90 66 62
52 21 93 60
53 17 62 62 2 45
71 48 95 88 2 45 71 26 40 43 54 62 93
24 71 9 93 1 16 36
28 71 61 66 60 31
52 21 93 60 93 5 15 54 42
54 62 5
85 54 17 93 54 76 52 73 9 54
35 40 93 17 69 46 83
77 90 19 73 35 54
64 3 83 24 84 24
0 58 28 71 1 93 12 69 41
70 40 54 5 48 21 62 69 61
75 15 55 24 76 62 93 12 69
83 71 92 14 56 32
17 21 73 17 76 26 52 71 1 39
59 32 59 93 20 0 2 61
70 93 2 57
62 52 83 65 16 71 83 75 98 26
43 54 62 93 46 43 76 16 51 53 62
26 98 95 53 71
16 93 5 84 98 2 16 62 56 54 12 81
5 40 96 21 93 20 84 66
85 27 15 73 76 96
93 14 93 14 12 12 40
58 3 54 46 43 76
62 32 59 62 51
52 66 4 62 12 68 52 66 4
14 21 66 21 62 80 62 56 24 56 70 93 2 57 84 53
16 80 23 62 84 96
96 6 63 57 1 53 89 16 65 93 5 48 15 58 53 62 58
70 40 5 93 12 93 69 93 93 69
96 6 63 57 1 53 89 71 39 75 88 75
15 41 14 67 66 98 60 5 62 83 73 83 26 73 50 95 17
36 68 54 76 5 93 64 62 54 76 70 93 2 57
12 93 69 62 69 61 17 46 16 28 75
76 20 39 54 93 15 2 98 75 54 25
98 62 43 27 15 65 83 84 88 26 98 71 50 93 29
86 80 14 21 16 28 75
77 90 19 7 73
54 5 93 64 43 59
69 16 65 83 84 88 41 41 55 85 42 76 66 62 71
84 16 15 23 46 64 39 18 17 54 76
47 58 21 75 71
62 56 54 12 81 15 41 14 67 66
52 71 1 39 16 62 73 2 45 71
54 76 52 73 9 2 34 53 84 86
73 90 66 62
76 20 39 54 93 93 12 93 69 54 76 52 73 9
71 1 62 12 98 84 37
26 83 57 36 68 54 76 14 70 71 96 93
0 58 3 54 7 21 7 35 54 43 54 62 93 65 5
51 9 52 21 93 60 93 2 57 86 80
16 53 13 54 48 71 62 73
80 62 71 63 95 97 32 83 73 21 12 86 69 66 84
17 59 21 34 5 40 73 90 66 62 62 69 61 35 40 93 52 84 61 62 69 73
62 80 62 54 14 52 2 45 71
2 45 71 7 21 7 35 54
5 93 64 93 12
93 12 35 40 93 76 23 52 62 53 69 21 86 69 66 84
77 90 7 73 77 90 19 7 73
52 21 93 60 5 62 83 73 83 26 73
28 75 52 60 16 12 65 5 93
16 53 13 54 48 76 23 52 28 53 84 86 71 65 76 62
70 2 57 14 39 73 14 39 73 0 58 3 54
15 41 14 67 66 35 40 93
80 62 71 63 95 97 32 86 80 48 71 15
60 21 54 20 76 65 93 86 69 66 84
21 54 9 15
84 14 11 9 58 26 98 71 50 93 29
48 71 95 63 14 62 54 32 28 79 57
33 93 73 90 66 62 85 27 41 71 93 17 68 62 62 83
93 28 71 15 96 70 51 9 73 96
88 75 71 48 95 88 48 21
43 54 62 93 64 3 83 84
28 20 35 63 85 93 63 61 13
17 59 54 21
1 80 62 89 62 0 28
73 95 51 54 95 48 69 80 62
54
54 76 52 73 9 35 54
76 20 39 54 93 14 61 8 84 76 70 52 21 93 60
43 54 62 93 17 21 84 16 15 23 46 64
70 54 60 69 31 9 93 1
73 17 76 95 63 62
16 42 29 86 5 40 65 88 75 52 66
84 16 15 23 46 64 73 90 66 62
55 42 54 66
54 32 28 79 57 16 64 36 96 69 69 83 73 21 12
2 16 54 73 51 14 54 54 68 93 12 93 69 80 62 71 63 95 97 32
54 76 52 73 9 76 84 14 83 66
52 21 93 60 60 14 68 41 17 69 48 54
20 39 54 28 97
35 40 93 95 93 69 98
52 71 1 39 28 97 28 71 61 66 28 61 20 35 63
14 21 35 50 84 16 15 23 64
32 59 93 35 93
75 52 60
95 97 70 84 16 64 36
63 32 71 76 54 76 20 39 54 93 40 96 71
14 62 63 76 54 70 40 54 5 76 20 39 93
73 90 66 62
9 93 1 66 28 54 76 52 73 9 70 40 5
17 69 46 61 48 54 2 16 68 20 98 7 87 5 54
95 63 14 62 70 93 2 57
73 17 76 26 71 76 67 54 51 9
26 24 52 56 83 0 9 1 93 17 68 77 90 19 7 73
75 51 15 86 96
76 20 39 54 93 83 93 14 71
93 14 93 14 12 40 48 21 17 21
16 36 98 7 87 5 54 70 93 2 57
46 43 76 52 21 93 60 43 93
75 51 15 86 71 15 73 90 66 62
48 15 58 53 62 58 70 93 2 57 86 80
54 62 5 3 54 26 40 62 83
16 42 29 86 5 40 65
5 83 71 2 45 93 14 76 62 16 66 52 54 96 6 63 57 1 53 89
54 11 62 25 54 73 76 96
48 14 70 71 96 93 28 75 52 60 77 90 19 7 73
62 80 62 56 54 85 54 17 93 17 69 46 61 48 54
15 41 14 67 66 16 42 29 86 5 40 65
9 7 71 93 52 25 69
71 15 54 40 53 39 52 60 69 31
5 68 40
7 7 35 54 88 75 60 69 31
53 0 62 51 9 73 40 96 71 93 60 60 21 37 54 20 76
71 76 67 60 54 40 43 54 62 93
54 51 84 16 64 36 15 71
0 58 3 54 52 71 1
9 88 75 36 68 54 76
43 54 62 93 65 39 14 18 17
15 41 14 67 66 9 16 28 75
96 6 63 57 1 53 89 73 17 76 26
71 65 76 62 71 54 70 93 2 57
14 73 61 8 73 66 62 29 85 96 54
54 51
5 62 83 73 83 26 73 71 54 21 5 62 83 73 83 26 73
54 5 76 20 39 93 21 93 20 84 66 0 58 5 83 73 83 26 73
54 76 52 73 9
48 71 15 62 62 83
60 69 31 54 24 84 70 8 71 54 15 69 60 31
93 14 71 65 76
60 69 31 52 21 93 60 54 16 65 93 5 48 69 80 62
17 21 0 58 28
14 39 73 71 54 69 98 71 62 68
28 61 20 35 63 16 65 93 5 35 40 93
64 3 83 24 84 24 47 58 21 75 71
62 62 83 59 16 62 48 15 58 53 62 58 62 12 68 16 36
93 14 43 54 62 93
20 0 2 61 14 39 73 16 42 29 86 5 40 65
35 40 93 88 75
53 39 52 9 7 93 52 25 69 43 54 62 93
85 27 15 73 90 66 62 90 19 73
93 14 17 21
71 54 68 20 48 21
5 93 64 93 17 68 71 76 67 60 54
96 95 60 60 54 60 40 56 54 70
39 65 5 93
65 83 84 88 16 54 28 25 62 80 62 56 54
17 69 46 61 48 54 75 35 14 93 52
34 53 86 26 40 2 26 24 52 56 83
71 48 95 88 20 0 2 61 52 71 1 39
23 17 8 93 19 64 3 83 24 70 93 2 57
35 37 48 71 15 16 80 62 84 89 52 62 15 36
98 60 93 1 9 59
62 32 62 51 71 54 62 62 83 59
93 60 60 21 37 54 20 76 51 9
17 69 46 61 48 54 39 14 18 17
5 68 40 96 20 0 2 61
2 45 71 71 76 67 54 2 16 54 11 62 25 54
41 71 70 93 2 57
71 28 71 61 66 28 75 52 60
21 21 65 73 66 62 76 83
14 70 16 46 5 93 64 43 54 62 93
14 62 63 76 54
96 69 69 54 93
5 62 83 73 83 26 73 95 63 14 62 52 71 1 39
14 63 76 40 96 48 54 9 15
26 54 32 28 79 57 83 73 12 16 96 71 60 62
54 51 54 21 39 89 0 83 2 45 71 54 51 52 71 1 39
75 15 55 24 62 28 84 83 54 29 62 61 52 4
86 80 60 75 31 89 2 45 71 16 96 71 60 62
48 71 15 62 80 62 56 54
2 45 71 71 1 62 9 21
26 40 16 53 12 71 76 62 48 15 58 53 62 58
54 35 37 40 56 93 70 16 46
47 58 21 75 71 62 62 83 26 24 52 56 83 0
14 50 95 17 48 71 62 41 71
32 76 0 76 71 15 66 28 15 41 14 67 66
54 51 54 54 11 62 25 54 60 76 65 83 84 88
40 54 56 93 12 28 21 96 69 69 33 93
14 62 63 76 54
14 70 71 96 93 48 21 93 15 76 28 52 93 55 63
35 17 77 90 19 7 73 2 45 71
76 20 39 54 93 96 14 83 20
62 62 0 58 28 61 52 66 4 16 53 71 48 95 88
93 14 93 14 12 12 40 46 43 75 95 63 14 62
2 45 71 16 42 29 86 5 40 65
71 76 67 60 54 84 16 64 36 35
2 45 69 66 84 48 15 58 53 62 58
83 93 14 14 73 61 8
2 45 60 69 31 66 39 98 11 26 40 14 52 76 20 39 54 93
48 15 58 53 62 58
54 24 28 97 96 69 69 98 71
2 60 16 53 13 54
36 68 54 76 36 76 54 93 93 35 17 21
54 75 35 14 93 52
52 62 15 36 75 15 55 24 76 62
16 80 62 84 89 75
73 12 2 60 69 54 76 52 73 9 71 48 88
71 65 76 62 16 80 23 62 84 89 73 17 76 26
75 15 55 24 76 62 21 63 2 12
61 52 66 4 95 84 97 70 26 40
15 41 14 67 66 58
12 27 93 63 96 69 69 85 27 15 65
9 93 1 15 93 14 26 83 57
65 5 93 40 96 71 85 27 15 2 45 71
15 84 89 1 84 75 62 71 86 69 66 84 48 21
70 40 54 16 53 14 52 5 93 23 17 8 93 19
34 53 84 86 75 54 51
15 84 89 1 84 54 11 62 25 54 5 83 69
48 15 58 53 62 58 62 5 40
62 80 62 56 54
71 65 76 62 4 21 35 62 74 62 35 32 54
62 62 76 20 39 54 93 41 14 67 66 98 60
42 83 84 70 8 70 40 54 5
62 5 40 48 71 34 53 84 86
0 62 53 62 5 40 16 62 73 48 21
40 96 71 48 95 88 70 40 54 5 54 11 62 25 54
20 0 2 61 54 11 62 25 54 54 76 52 73 9
15 41 14 67 66 98 60 1 80 62 89 62 0 28
46 43 76
70 93 57 7 21 7 35 54
54 11 25 54 34 53 84 86
62 62 83 14 40 34 60 53
54 62 5 55 76 62
95 63 14 62
2 16 14 73 61 8 64 3 83 24 84 24
60 69 31 71 65 76 62 48 15 71 1 62
84 98 74 3 48 39 62 5 68 40 96 5 93 64
78 39 73 84 39 14 18 17
71 65 76 62 54 62 5
52 21 93 60 21 63 2 12
65 5 93 84 16 64 36
21 65 8 69 17 71 96 95 60 54 76 60
54 62 5 55 76 62 84 76 70 14 62 63 76 54
62 62 83 54 76 52 73 9 62 54 76 52 73 9 54 21 39 89 0 83
17 59 21 54 51 5 68 40 96
52 21 93 60 21 39 89 0 83 14 70 71 96 93 9 93 32 20 0 2 61
62 80 62 56 54 55 42 54 66
93 17 68
70 42 25 98 59 83 55 26 83 57
54 62 5 55 76 62 17 59 21 34 34 53 84 86 48 15 58 53 62 58
16 96 71 60 62 97 96 0 28
50 96 69 69 70 40 54 5 35 54 96 69 69
71 65 76 62 43 59 41 41 84 55 85 42 76 66 62 71
17 69 46 61 48 54 76 96 60 69
62 16 66 52 54
93 48 71 15 43 54 62 93
70 93 2 57 48 15 58 53 62 58
93 17 68 73 90 66 62
48 15 58 53 62 58 62 62 83
73 17 76 26 40 54 73 51 14 54
43 59 62 80 62 56 54 71 65 76 62
75 25 82 8 69 0 58 3 54 71 48 88 16 62 73
93 60 60 21 37 54 20 76 71 1 62 85 93 63 61 13
16 65 93 5 16 62 73 70 40 54 5
83 75 98 26 14 93 15 76 93 66 35 71
54 68 16 80 23 62 84 89
84 16 64 36 96 69 69 83 92 14 56 32
62 62 83 75 25 82
2 45 71 54 62 5 55 76 62 16 28 25
54 20 14 39 73 75 15 55 24 76 62
62 56 54 12 81 65 5 93 62 56 54 12 81
40 56 54 70 54 83 71 92 14 56 32
93 14 65 83 84 88
88 75 71 48 95 88 17 69 46 5 62
71 28 71 61 66 95 17
42 84 70 8
15 41 14 67 98
2 45 71 45 59 16 28
26 83 57 96 95 60 60 54 76 60
86 80 65 5 93 9
70 40 54 5 14 73 61 8 54
71 76 67 60 54 84 16 15 23 46 64 56 16
71 1 39 96 69 69 46 43 76 66 39 98 11
45 52 84 59 32 62 76 0 76
96 69 69 17 69 46 61 48 54 14 21
65 93 2 56 62 89 51 58 71 96 69 69 93 17 68
50 34 53 84 86
21 65 56 16
26 24 52 56 83 0 93 14 93 14 12 12 40 5 62 83 73 83 26 73
71 71 61 66 52 1 39 71 28 71 61 66 26 98 71 50 93 29
16 42 29 86 5 40 65
71 76 67 60 54 8 70 93 2 57
52 71 1 39 70 93 2 57 65 83 88
64 3 83 24 84 24 84 98
66 28 2 60 69
54 62 5 55 76 62 76 83
93 5 15 54 48 15 58 62 58 14 76 20 39 54 93
77 90 19 7 73 75 25 82 17 69 46 61 48 54
14 70 96 69 75 51 15 86 96 43 54 62 93
17 69 46 61 48 54
83 69 35 40 93 75 46 76 71 21 65
21 63 2 12 1 80 62 89 62 0 28
14 73 61 8 2 45 71 56 16
17 69 46 61 48 54 52 21 93 60
84 76 70
52 66 4 84 76 93 60 60 21 37 54 20 76
96 6 63 57 1 53 89 89 26 40
54 76 52 73 9 93 60 60 71 39 75
65 54 16 28 25 62 83 73 83 73 28 75 52 60
5 93 73 61 11 69
17 59 21 34 9 7 71 93 52 25
59 96 74 63 53 1 62
33 93 62 5 40 40 96 71 70 40 54
54 68 14 40 60 53
2 45 71 17 69 46 61 48 54
71 76 60 54 16 80 23 62 84 89 45 59 16 28
14 70 16 46 52 60 61 52 66 4 61 52 66 4
16 80 23 62 84 89 84 76
71 48 95 88 5 62 83 73 83 26 73
66 28 14 63 76 40 96 48 54 51 0 58 3 54
2 60 63 32 71 76 54
53 39 52 76 20 39 54 93 95 63 14 62
15 41 14 67 66 98 60 88 75
70 93 2 57 14 93 60 60 21 37 54 20 76
54 76 52 73 9 85 93 63 13
98 95 53 93 93 14 62 80 62 56 54 61 52 66 4 76 39 54
62 5 40 35 40 93 71 96 69 69
16 42 29 86 5 40 65 54 62 5 55 76 62
75 62 60 69 31
14 73 61 8 45 52 84 59 32 62 54 73 14 54 84 16 64 36
62 62 83 88 75 14 61 8
62 93 71 54 52 21 60
1 62 42 84 70 8 71 65
9 93 1 39 14 18 17 15 14 67 66 98 60 16 80 23 62 84 89
60 14 68 41 93 55 7 21 7 35 54 15 2 98 75 54 25
54 11 62 25 54 62 5 40 16 80 23 62 84 89
62 95 71 28 71 61 66 83 71 92 14 56 32
95 63 14 62
77 90 19 7 73
14 73 61 8 96 69 69 84 14 11 9 83 58
75 35 14 52 40 54 5
54 76 52 73 9
2 45 71
54 16 53 13 54 75 48 71 73 93 60 60 21 37 54 20 76
16 65 93 5 15 41 14 67 66 98 60
54 9 15 35 40 93 88 75
62 62 83 53 65 83 84 88
54 62 5 55 76 62 48 95 88
42 29 86 65 94 51 84 16 64 36
70 71 96 93 65 5 93
51 9 16 53 13 54 14 62 63 76 54
77 90 19 7 73 45 84 59 32 62 17 65 5 93
93 14 40 70 93 2 57 71 1 62
16 53 71 48 95 88
9 7 71 93 52 25 69
84 53 16 60 62 25 16 96 69 69
85 96 54 12 28 21
59 96 74 63 53 1 62 66 28
1 80 62 89 62 0 28 54 62 5 55 76 62
62 62 83 16 83 73 21 12
1 80 62 89 62 0 28 20 0 2 61
48 69 80 62 62 16 66 52 54
54 21 39 89 0 83 71 54 68
96 6 63 57 1 53 89 76 16 66 52 54 96
23 17 8 93 97 28 75 52 60 20 0 2 61
97 96 17 21 71 76 67 60 54
96 69 69 5 62 83 73 83 26 73
54 62 5 55 76 62
15 76 93 66 35 71 51 9
71 48 71 62 73
71 28 61 66 35 50 54 62 56 54 12 81
77 90 19 7 73 69 46
71 15 54 40 96 68 88 75
26 24 83 0 0 58 3 54 65 5
76 52 73 9 17 59 54 21 54 28 25 26 40
61 52 66 4 71 1 62 35 83 93
35 54 2 45 71 9 93 1
35 54 28 16 65 86 69 66 84
42 29 86 65 94 51
54 62 5 66 28 14 39 73 15 14 67 66 60
85 93 63 61 13 54 76 52 73 9
39 14 18 48 71 15 75 61 52 66 4
2 45 66 28 17 69 46 54 21 39 89 0 83
93 68 5 93 64 54 62 5 54 28
2 45 71 51 9 83 73 21 12
42 83 84 70 8 95 63 14 62 21 54 73 51 14 54
71 54 93 60 60 21 37 20 76 5 93 64
93 60 60 21 37 54 20 76 26 83
62 56 54 12 81 14
76 20 39 54 93 71 65 76 62 16 36 15 41 14 67 66 98 60
71 76 67 60 54
76 20 39 93 70 93 2 57
43 54 62 93 35 40 93 93 2 57 95 63 14 62
26 98 71 50 93 29 84 16 15 23 46 64
48 15 58 53 58 93 68 28 61 20 35 63 71 20 0 2 61
85 27 15
59 96 74 63 53 1 62 83 93 14
54 9 15 75 15 55 24 62 98 60 93 1 9 59
16 53 13 54 20 0 2 61
48 15 58 53 62 58 43 54 62 93
84 14 11 9 83 58 62 62 83 54 62
52 21 93 60 70 25
2 45 71 75 15 55 24 76 62
70 62 84 76 70 71 76 67 60 54
5 60 14 68 41 77 90 19 7 73
55 42 54 66 96 69 69 2 60 69
48 71 62 73 95 84 97
71 1 62
5 62 83 73 83 26 73 83 75 98 26 56 54 70
1 80 62 89 62 0 28 95 93 69 98 93
54 5 75 25 82 54 76 52 73 9 71 65 76 62
73 52 41 14 67 66 98 60
62 80 62 56 54 15 41 14 67 66 98 60
0 75 15 55 24 76 62 95 54 76 98 52 73
40 54 56
39 73 17 69 46 61 48 54
93 12 93 69 84 14 11 9 83 58
48 15 58 53 62 58
65 76 62 9 93 1 65 15 5 89 15 41 14 67 66
9 21 5 93 73 61 11 69 17 59 54 21 93 14
16 96 71 60 62 69 46
93 17 68 62 32 59 62 51 9 93 1
16 36 0 60 69 31
16 42 29 86 5 40 65
43 59 61 52 66 4 20 0 2 61
16 62 73 14 39 73
52 1 39 9 93 1 65 83 84 88
17 21 93 14 48 71 15 93 60 60 21 37 54 20 76
88 36 68 54 76 58 28 20 0 2 61 83 21 12
84 16 15 23 46 64 34 53 84 86 70 54
48 15 58 53 62 58 35 54 71 78 39 73 93
95 63 14 62 5 62 83 83 26 73
14 73 90 66 62 84 88 76 20 39 93 88 75
93 71 28 71 61 66 17 59 21 34 59 96 74 63 53 1 62
40 54 56 93 88 75 14 39 73 83 75 98 26
14 21 56 23 32 54 62 55 76 62 33 93 80 23 62 84 89
83 73 21 12 41 71 16 80 23 62 84 89 16 96 71 60 62
35 54 23 8 93 19 35 54
93 35 60 31 89 77 90 19 7 73
95 63 14 62 23 8 93 19
15 14 66 54 11 62 25 54 54 15 4 21
42 83 84 70 8 41 41 84 55 85 42 76 66 62 71
3 95 43 59 70 40 5 54 11 62 25 54 14 39 73
15 2 75 54 25
71 76 67 60 54 14 25 28 69
28 75 52 60 52 71 1 39
35 40 93 52 84 61 62 69 73
48 71 15 54 15
28 75 52 60 26 24 52 56 83 0
16 42 29 86 5 40 65 28 97
73 95 51 54 95
36 68 54 76 62 80 62 56 54
93 12 93 69 65 83 84 88
54 62 5 55 76 62 16 54 17 98 0 58 28
84 98 93 93 69
16 28 25 45 59 16 28 46 43 76
14 21 17 35 40 93 14 70 16 46 62 80 62 56
93 12 93 69 65 5 93
70 40 54 5 73 90 66 62 47 58 21 75 71
96 95 60 60 54 76 54 24 17 69 46
71 46 43 76 48 15 58 53 62 58 65 83 84 88
70 61 52 66 4 93 14 98 71 5 62 62 75 62 35 37 73 96
54 11 62 25 54 64 3 83 24 84 24
70 93 2 57 14 52 21 93 60
75 62 80 62 56 54 39 14 18 17 54 11 62 25 54
2 45 71 75 73 17 76 26
93 12 39 14 18 62 62 83 93 60 60 21 37 54 20 76
71 1 62 48 15 58 53 62 58
8 69 76 20 39 54 93
54 9 15 70 5 71 54 76 83 70 40 54 5
62 9 20 0 0 58 3 54 73 90 66 62 40 54 56 93
54 68 76 20 39 54 93
35 50 2 60 69 61 14 73 61 8
15 41 14 67 66 98 60 54 62 5 55 76 62 75 62 54 76 52 73 9 71
54 68 20 71 28 71 61 66 8 69 96 69 69
54 24 54 2 45 71 62 62 83
14 73 61 8 17 69 46 61 48 54 9 93 1 52 71 1 39
7 21 7 35 54 60 69 31
15 98 75 25 5 93 73 61 11 41 71 21 21 65
93 35
48 15 58 53 62 58 61 52 66 4
43 54 20 39 93
64 83 24 84 17 71 34 53 84 86
50 95 17 5 93 73 61 11 69 0 58 28
43 54 62 93 16 80 23 84 89 54 9 15
14 21 65 17 69 46 61 48 54 84 14 11 9 83 58
43 54 62 93 16 62 73 46 43 76
28 61 20 35 63
43 59 61 52 66 4 71 76 67 60 54 71 39
62 80 62 54 75 15 55 24 76 62
5 62 83 73 83 26 73 71 14 77 90 19 7
93 15 76 93 66 35 71 96 69 63 84
93 60 60 21 37 54 20 76 83 73 21 12
53 39 52 63 14 62 62 62 83 62 56 54 12 81
17 69 46 61 48 54 75 62
54 5 75 62
54 73 51 14 54
33 93 62 62 83 71
60 60 43 59 93 17 68 62 80 62 56 54 5 93 64
54 73 51 14 54 76 62 16 66 52 54 75
21 85 14 93 26 62 43 54 62 93 9 1
17 69 46 16 62 73 84 16 64 36
71 71 54 69 98 71 62
5 93 93 15 76 71 54 54 68 54 68 20
26 98 95 53 71 9 21 26 83 57
54 68 54 15 69 56 16 54 76 77 40 14 12 75
14 73 61 54 51 14 73 61 8 70 62
62 80 62 56 54 62 5 55 76 62
96 69 69 14 73 61 8 62 35 54 16 53 13 54
9 96 69 69 53 0 62
26 40 93 17 68 16 73 9 0 21 63 2 12
16 96 71 60 62 2 45
53 39 52 98 71 84 16 15 23 46 64 54 24 56 9 7 71 93 52 25 69
73 21 12 77 90 19 7 73
70 93 2 57 96 95 60 60 54 76 60
64 83 24 84 46 43 76 14 40 34 60 53
43 54 62 93 76 62 16 66 52 54
16 42 29 86 5 40 65 54 21 39 89 0 83
35 40 93 53 0 62 15 41 14 66 98 60
54 76 52 73 16 80 23 62 84 89 26 24 52 56 83 0
15 41 14 67 66 98 60 83 73 21 12
43 54 62 93 71 15 52 66 4 65 83 84 88
75 15 55 24 76 62
61 52 66 4
77 90 19 7 73 15 41 14 67 66 98 60
95 93 69 98 93 48 71 15
14 40 34 60 53 54 76 73 9 70 54 5
39 73 84 62 80 62 56 54
34 53 84 86
51 9 2 45 71 88 75 62 80 62 56 54 48 15 58 53 62 58
7 21 7 35 54 54 62 5 55 76 62 97 96
0 58 28 73 95 51 54 95 71 1 39
76 52 73 9 84 14 66 62 53 69 21
93 14 60 93 2 56 62 89 51 41 71 76 20 39 54 93
93 60 60 21 37 54 20 76
84 36 48 71 62 73 61 71
32 0 76 17 69 46 97 96 8
26 24 52 56 83 76 83
54 76 52 73 9 77 2 26
12 68 96 95 60 60 54 76
54 71 70 42 25 98 59 83 55
76 67 60 84 16 15 23 46 64 71 71 54
16 80 23 62 84 89
16 96 71 60 62
16 62 73 50 17 76 62 16 66 52 54 86 69 66 84
96 6 63 57 1 53 89 93 14
16 62 73 28 97 5 83 69 71 93 12 69 15 41 14 67 66
75 15 55 24 76 62
83 71 92 14 56 32 17 69 46 61 48 54
42 83 84 70 8 75 51 9
75 35 14 93 52 16 54 28 25 17 21
62 62 83 54 76 52 73 9 85 96 71 95 88
93 15 76 93 66 35 71 48 95 88 84 64 75 15 55 24 76 62
48 69 80 62 52 71 1 39 71 29 85 96 54
59 21 62 84 83 54 29 62 96 6 63 57 1 53 89
9 7 71 93 52 69 54 76 52 9 20 0 2 61
16 53 13 54 16 65 93 5 84 70
16 42 29 86 5 40 65 76 62 16 66 52 54
28 97 96 6 63 57 1 53 89
61 71 26 95 53 71 17 71 76 62 16 66 52 54
95 63 14 62 65 83 84 88
51 9 41 71 15 41 14 67 66
93 12 93 69 17 21 60 75 31 89 51 9 17 69 46 61 48 54
77 19 7 73 75 25 82 17 71 83 73 21 12 54 76 52 73 9
48 71 15 39 14 18 17 93 60 60 14 21 66
53 0 62 93 2 56 62 89 51 26 40 84 16 15 23 46 64
21 21 65 97 96 96 16 75 35 96
71 48 95 88 20 0 2 61 35 40 93 52 84 61 62 69 73
71 28 71 61 66 35 40 93 0 58 3 54 62 62 56
43 54 62 93 93 93 14 12 12 40 88 75 95 93 69 98 93
17 69 46 61 48 54
95 63 14 62 75 76 62 62 83 2 16
61 52 66 4
85 27 5 93 64 15 41 14 67 66
17 69 46 61 48 54 48 21 54
60 14 68 41
76 20 39 54 93 20 0 2 61
77 90 19 73 51 9 43 54 62 93
54 62 5 55 76 62
5 62 83 73 83 26 73
36 68 54
71 65 96 69 69 83
40 54 93 2 71 26 40 26 83 57
62 62 83 84 14 11 9 83 76 62 16 66 52 54
5 83 69 62 32 59 62 51 54 93 42 29 86 65 94 51
17 21 41 71 93 15 76 93 66 35 71
21 21 65 40 71 16 80 23 84 89
66 39 98 11 14 62 63 76 54 71 28 71 61 66
66 39 98 11 43 76 64 83 24 84
48 53 62 58 0 58 3 54
56 16 73 17 76 26
17 69 46 61 48 54 35 40 93 52 84 61 62 69 73
71 48 95 88 16 23 62 84 89
61 52 66 4 93 35
5 62 83 83 26 73 16 28 75
95 14 62 42 29 86 65 94 51 66 28
35 40 93 52 84 61 69 73
84 16 64 36 42 83 70 8 70 40 54 5 77 90 19 7 73
7 21 7 35 54
26 24 52 56 83 0 65 76 62 54 24
2 45 71 71
35 40 93 76 83 71 65
40 96 71 42 83 84 70 8 16 60 62 25 16
16 53 13 54 71
16 29 86 5 40 65 2 60 69 70 40 54 5 54 68
12 69 17 69 46 46 76 14 39 73 86 5 83 69 71 42 83 84 70 8
70 93 2 57 61 52 66 4
52 71 1 66 28
51 9 54 48 71 62 73 53 39 52 52 71 1 39 70 40 5
62 80 62 56 54 73 90 66 62 71 84 76 70
62 69 61 42 83 84 70 8
16 53 12 54 76 52 73 9 76 84 14 83 66
93 14 5 62 73 83 26 73
17 21 62 62 83 97 96 42 83 84 70 8
93 93 52 21 93 60
84 16 64 36 9 7 71 93 52 25 69 62 69 61 71 65 76 62
93 60 60 21 37 54 20 76 5 83 69 71
16 54 28 25 35 40 93 52 84 61 62 69 73 71 54
43 54 62 62 16 70 28 75 59 96 74 63 53 1 62
77 90 19 7 73 84 11 83 58 54 24
41 41 84 55 85 42 76 66 62 71 33 93 48 71 62 73
96 6 63 57 1 53 89
54 11 62 25 12 68 93 2 57
77 90 19 7 73 66 28 93 2 56 62 89 51
53 17 62 62 21 93 20 84 66 70 40 54 5
76 20 39 93 53 0 62 60 60
16 62 73 97 96 14 21
64 3 83 24 84 24 51 9 73
54 76 52 9 71 15 35 40 93 84 14 11 9 83 58 26 40
16 80 23 84 89
93 5 15 54 1 62 89 62 0 28
93 35 15 41 14 67 66
96 69 69 16 28 64 3 83 24 84 24
28 21 93 60 60 21 37 54 20 76
62 53 69 21 14 73 61 8 16 23 62 84 89
62 52 83 65 16 71 65 5 93
42 29 86 65 94 51
36 68 54 76 16 13
48 71 96 95 60 60 54 76 60
62 62 83 54 76 73 9
88 75 62 74 62 35 32 54
96 69 69
43 54 62 93 0 28 75 54 51 15 2 98 75 54 25
14 40 34 60 53 16 53 13 54
95 60 60 54 60 62 56 54 12 81 62 12 68 1 62
42 83 84 70 8
71 48 95 88 84 14 11 9 83 58 26 52 56 83 0
62 65 5 93 35 40 93
5 40 96 52 60
12 68 5 68 40 96 43 59
54 9 15 96 69 69 5 68 40 96
53 0 62 54 62 5
43 54 62 93 66 28 20 0 2 61
20 0 2 61 52 21 60
41 14 67 66 54 24 85 15 52 21 93 60
73 76 96 84 16 64 36
65 83 84 88 14 73 61 8 52 21 93 60
54 68 17 69 46 61 48 54 54 62 5 55 76 62
88 71 76 62 16 66 52 54 66 28 65 83 84 88
28 61 20 35 63 65
77 90 19 7 73 54 9 15 71
62 80 62 56 54 26 98 95 53 71 71 20 55 89 11
84 76 70 60 69 31 62 83 83 26 73
21 21 65 75 51 15 96
96 69 69 71 84 66 12 28 21 48 95 62 51 71 62 54 62 5 55 76 62
73 12 73 58 52 21 2 16
0 58 28 48 15 28 97 54 76 73
93 39 26 65 71 54 98 68 5 83 69 71
71 48 95 88 77 90 19 7 73 71 28 71 61 66
62 80 62 56 54 95 53 71
15 5 76 89
93 93 69 43 59 54 76 52 73 9
16 62 73 48 71 62 73 52 71 1 39
60 14 68 41 71 65 76 62
48 15 58 53 62 58 46 43 76 21 98 14
96 95 60 60 54 76 60 16 42 29 86 5 40 65
28 75 52 60
54 76 52 73 9 96 69 69 93 14
93 12 93 69 75 35 14 93 52 2 54 62 5 55 76 62
73 76 96 5 83 69 71 21 21 65 84 76 48 15 75 25 82
54 11 62 25 54 29 86 65 94 51
61 52 66 4
33 93 36 68 54 76 71 96 6 63 57 1 53 89
5 93 73 61 11 69 75 62 24
54 21 39 89 0 83 70 93 2 57 17 35 40 93 52 84 61 62 69 73
84 16 15 23 46 64 83 73 21 12
71 17 98 52 71 1 39
83 73 21 12 20 0 61 62 69 61 66 28
65 5 93 54 76 52 73 9 15 41 14 67 66 98 60
86 69 66 84
26 40 53 0 62 93 55
62 69 61 73 21 12 70 93 2 57
71 76 67 60 54 75 62 41 41 84 55 85 42 66 62 71
28 75 52 60 43 54 62 93 43 54 62 93
75 15 55 24 76 62
35 83 93 71 48 95 88
86 80 85 93 63 61 13 64 83 24 84
65 83 84 88 16 36 65 83 84 88 14 21
54 51 73 90 66 62 51
83 73 21 35 62 73 54 62 5 15 41 67 66 98 60
85 27
14 73 61 8
70 93 2 57 40 96 71 15 84
9 7 71 93 52 25 69 96 95 60
71 1 62 2 60 69 73 90 66 62
0 48 15 58 53 62 58 93 12 93 69
97 93 60 60 5 83 69 71
71 48 95 88 54 26 98 71 50 93 29
83 35 40 93 52 84 61 62 69 73 70 93 2 57 43 54 93
2 60 69 26 40 83 73 21 12
61 52 66 4 16 53 12
71 48 95 88 76 20 39 54 93
54 21 39 89 0 83 77 90 19 7 73
16 28 75 53 17 62 62 2 16 80 62 84 89
51 71 1 62 77 90 19 7 73 71 48 95 60 14 68 41
2 16 35 50 71 48 95 88 62 80 62 56 54
54 76 52 73 9
54 62 5 55 76 62 17 69 46
16 80 23 62 84 89 93 17 68
2 45 71 84 14 11 9 83 58 35 83 93
77 90 19 7 73 93 12 93 69 16 42 29 86 5 40 65
97 96
14 73 61 8 83 71 92 14 56 32
54 11 62 25 54
83 77 40 14 12 75 15 2 98 75 54 25 54 15 69
95 93 69 98 93 33 93
71 20 86 69 66 84 54 11 62 54
54 51 26 24 52 56 69 17 69 46
64 3 83 24 84 24 28 61 20 35 63 21 93 20 84 66
70 62 71 62 95 63 14 62
15 28 75 52 60
90 66 62 42 84 8
62 62 83 75 25 82 33 93 35 40 93 15 58 53 62
2 45 71 76 20 39 54 93 71 76 67 60 54
78 39 73 84
65 5 93 0 62 62 80 62 56 54
71 65 76 62 56 16 96 6 63 57 1 53 89
54 76 52 73 9 16 80 23 62 84 89
86 69 66 84 17 21
20 0 2 61 54 76 52 73 9
7 21 7 35 54 5 62 83 73 83 26 73 14 40 34 53
14 70 93 2 45 71
35 54 85 54 17 93 54 70 93 2 57 59 28 51 9 54 21 39 89 0 83
5 62 83 73 83 26 73 95 14 62 73 17
62 69 61 62 62 56 54 59
12 52 21 93 60 16 62 73 54 68 2 45
62 80 62 56 54 66 28
77 90 19 7 73 96 16 75 35 96
35 40 93 52 84 61 62 69 73 0 58 28 71
42 83 84 70 8
32 59 62 51 45 52 84 59 32 65 5 93
71 76 67 60 54 21 21 65
62 74 62 35 32 73
5 96 85 27 15 26 83 57 50 95 17 62
48 15 58 53 62 58 95 5 62 83 73 83 26 73
65 83 84 88 60 69 31 2 45 71 70 71 96
2 98 75 54 2
83 71 92 14 56 32
46 28 61 20 35 63 66 28
15 84 71 1 62
71 20 89 11 62 62 83
43 54 62 93 96 95 60 83 51 9 12
83 73 21 12 14 18 78 39 73 84
64 3 83 24 84 24 16 54
97 15 41 14 67 66 71 65 76 62 62 62 83
98 96 95 60 60 54 76 60 48 54 51 9 73 12 27 93 63
71 48 95 88 65 83 84 88 0 58 3 54 88
54 21 39 89 83 14 21 23 32
56 16 58 2 71 84 8 83 54 73 51 14 54
96 16 75 35 96
20 0 2 61 71 62 61 52 66 4 88 75 8 69
54 21 39 89 0 83 75 26 40
1 80 62 89 62 0 28
62 16 52 54 96 69 69 62 56 54 12 81 0 52 71 1 39
16 69 42 83 84 70 8 85 13
95 34 53 84 86 59 21 62 70 93 2 57
83 75 98 26 73 58 78 70 40 54 5
52 71 1 39 60 14 41 15 69 5 68 40 96
54 62 5 55 76 62 97 96 54 9 15 42 83 84 70 8
17 21 61 52 66 4
54 52 73 85 54 17 93 73 90 66 62 77 90 19 7 73
96 95 60 60 54 76 60
75 25 82 83 73 12 62 62 83
5 68 40 96 48 21 83 93 14
17 69 61 48 54 73 90 66 62 62 62 83 43 59
95 53 52 14 73 61 8
5 83 69 71 85 63 61
70 93 57 54 76 52 73 70 62 69 31 16 65
21 63 2 12 51 9 12 28 21 29 85 96 54
7 21 7 35 54 15 84 84 14 11 9 83 58
35 28 61 20 35 63
60 69 31 53 0 62 23 17 8 93 52 1 39 32 76 0 76 66 4
54 24 66 28 2 16 83 93 71 1 62
71 1 62 70 16 46 16 62 73
65 83 84 88 83 62 80 62 56 54 62 26 40
42 83 84 70 8 54 76 52 73 9
93 12 93 69 3 95 71 80 62 71 63 95 97 32 2 45 71
78 39 73 84
16 42 29 86 5 40 65 83 2 45 71
48 69 80 62 93 17 68 70 62 2 60 69
60 69 31 15 84 54 62 5 75 25 82
62 96 17 5 68 40 96
48 15 53 62 58 52 84 59 32 62
16 62 73 76 20 54 93 69 28 97 2 45 71
28 20 35 63 98 71 97 96 20 0 2 61 70 40 54
75 15 55 76 62 24 56 83 0 35 40 93 71 54
83 84 8 26 40 28 75 52 60 5 93 73 11 69
62 96 17 23 17 8 93 19 54 76 52 73 9
12 28 21 48 15 58 53 62 58
73 90 66 62 71 0 58 28 88 75
70 40 54 5 62 83 73 83 26 73 71 65 76 62 62 62
5 69 71 60 14 68 41 83 73 21 12
75 62 71 54 69 98 71 62 68
83 75 98 26 65 83 88
17 21 84 98 54 51 71 58 28
26 40 43 54 62 93
17 69 46 61 48 54
15 55 24 76 73 90 66
41 71 75 93 93 69 71 1 62
96 69 69 62 62 83 75 62
54 76 52 73 9 62 62 83
93 14 16 42 29 86 5 40 65
17 69 46 28 61 20 35 63 41 71
54 52 73 96 69 69 75 62 17 21
14 39 73
5 62 83 73 83 26 73 76 83 26 24 52 56 83 0
48 71 15 2 45 71 48 71 15
15 76 93 66 71 16 62 73 43 54 62 93 5 83 73 83 26 73
62 62 83 78 39 73 84 97 96 71 76 67 60 54
93 14 73 61 8 5 69 71 60 14 68 41
62 69 61
21 39 0 83 35 40 93 76 54 9 15
0 65 5 93 9 7 71 93 52 25 69 93 14 75 62 86 69 66 84
2
93 60 60 21 37 54 20 76 65 65
52 71 1 39 23 17 8 93 19
16 42 29 86 5 40 65 16 62 73
12 98 84 37 3 95 71 1 62 88 75 88 84 62 34 75
86 69 66 84 70 40 54 5
40 56 54 70 71
84 16 64 36
26 98 95 53 71 96 6 63 57 1 53 89
70 93 2 54 68 76 20 39 54 93 36 68 54 76
85 27 15 85 27 15 54 62 5 55 76 62
17 98 5 68 40 96 54 76 52 73 9 35 40 93
96 69 69 14 73 61 8
14 73 61 8 48 71 15 68 40 96
40 96 71 9 21 96 69 69 84 76 43 54 62 93 84 16 15 23 46 64
52 84 27 17 54
5 93 73 61 11 69 61 52 66 4
54 51 59 96 74 63 53 1 62
33 93 96 69 69 16 60 62 25
54 11 62 25 54 54 73 51 14 54
93 17 68 21 85 14 93 26
42 29 86 65 94 51 97 96
26 24 52 56 83 0 35 54 60 31 0 2 61
95 63 62 2 60 69
69 71 15 41 67 66 60 48 71 62 73
2 16 97 96 20 0 2 61 62 62 83 86 69 66 84
93 17 68 66 28
51 9 16 62 73 2 45 39 14 18 17
0 58 96 69 69 35 50 76 20 39 93
15 41 14 67 66 98 60 73 51 54 85 93 61 13
5 93 52 21 93 60
71 48 95 14 40 34 60 53 51 9 26 40
76 62 16 66 52 54 16 13 54 50 17 70 40 54 5
51 9 84 16 64 36
17 59 54 21
70 40 54 5 77 90 19 7 73 60 14 68 41
84 14 11 9 83 58 48 71 62 73
76 20 54 5 83 69 71 33 93 26 83 73 21 12 28 97
48 80 62 69 46 61 54
17 71 71 61 52 4 71 65 76 62 93 60 60
54 62 5 55 76 62 93 60 60
9 7 71 93 52 25 69 16 73 54 62 5 55 76 62
34 53 84 86 2 16 15 41 14 67 66
86 80 2 54 52 9 73 95 51 54 95 71
96 69 69 70 40 54 5
95 63 14 62
83 21 12 42 29 86 65 94 51 54 76 52 73 9
62 69 61 88 75 16 53 13 54
36 68 54 76 93 60 60 21 37 54 20 76
76 20 39 54 93 16 53 12 47 58 21 75 71 20 0 2 61
54 21 39 89 0 83 2 45 71
80 62 71 63 95 97 32 84 14 11 9 83 58
39 14 17 8
83 73 21 12 17 21
53 17 62 62 62 62 83 59 54 60 69 31
15 41 14 67 98 60 5 83 69 71 62 62 83
54 68 52 71 1 39 35 54
21 21 65
16 53 13 54 35 54 54 68
39 14 18 17 16 80 23 62 84 89 76 62 16 66 52 54
71 1 39 43 54 62 93 73 90 66 62 56 16
35 71 20 55 89 11
93 15 76 93 66 35 71 34 53 84 86 62 80 62 56 54
56 77 90 7 73 54 11 62 25 54
75 62 54 11 62 25 54
36 68 54 76 5 68 40 48 15 58 53 62 58 83 73 21 12
21 21 65 97 96 71 21 63 2 12
48 15 58 53 58 96 69 69 95 60 60 54 76 60
48 71 15 71 65 76 62 17 21 26 57
54 76 52 73 9 76 84 14 83 66 14 39 73
2 71 48 15 58 53 58 48 71 62 73
77 90 19 7 73 16 65 93 5 73 90 66 62
73 90 66 62 46 61 54 84 39 73
70 93 2 57 20 39 54 93 2 45
96 16 75 35 96 28 75 52 60
73 95 51 54 95
17 69 46 61 48 54
21 21 65 40 93 60 69 31 14 39 95 84 97 70
14 70 16 46 60 69 31 93 17 68 39 14 18 17 14 63 40 96 48
14 39 73 2 45 71
21 93 20 84 66
41 41 84 55 85 42 76 66 62 71
16 28 75 80 54 9 93 1 28 61 20 35 63 60 69 31
97 71 48 95 14 73 61 8 14 21 66
59 96 74 63 53 1 62 16 23 62 84 89 93 12
84 14 11 9 83 58 66 28
85 27 15 17 21
28 61 20 35 63 70 40 54 5
75 62 5 68 40 96 54 14 73 61 8
43 59
93 14 54 51 85 36 0 58 3 54
5 62 83 73 83 26 73 84 98
80 62 56 54 12 93 69
5 93 64
93 2 57 84 16 64 36
16 80 23 62 84 89 77 19 7 73 65 5 93 16 80 23 62 84 89
2 45 71 21 93 60 15 41 14 67 66 98 60
77 90 19 7 73 15 41 14 67 66 98 60
75 62 62 5 40
17 69 46 61 54 17 71 2 16
54 76 52 73 9 84 98 84 16 15 23 46 64
17 59 54 21 95 53 5 93 64
29 85 96 54 5 93 73 61 11 69
17 59 54 21 28 75 52 60
39 14 18 17 54 76 52 73 9
2 60 69 71 96 69 69
70 93 2 57 70 40 54 5 77 19 7 73 28 75 52 60
5 93 73 61 11 69 78 39 73 84
15 41 67 66 60 39 14 18 17
2 45 71 85 27 15 71 95 88 36 68 54 76 98 71
26 40 86 69 66 84 80 62 56 54 62 16 70 75
9 7 71 93 52 25 69 93 14 83 75 98 26
60 14 68 41 12 98 84 37 78 39 73 84
28 75 52 60 53 0 62 1 62 62 62 83
23 17 8 93 19 71 28 71 61 66 75 35 14 93 52
54 62 5 55 76 62 66 48 69 80 62
96 69 69 45 52 84 59 32 62
66 28 54 11 62 25 54 35 37
5 62 83 73 83 26 73
0 58 28 35 37
71 65 76 62 35 37 54 62 5 55 76 62
14 39 73
54 45 52 84 59 32 62
70 93 2 57 21 21 65 0 58 28 71 65 62 96 16 75 35 96
54 9 15 2 60 69 62 62 83 68 40 96
9 93 1 2 16 62 62 59 54 9 15 97 96 71 48 95 88
42 29 86 65 94 51
15 41 14 67 66 93 14 54 14 54 5 93 73 61 11 69
78 39 73 84 54 15 69 17 69 46
35 50 17 21
96 69 69 48 21 75 25 82 28 61 20 35 63
85 27 15 29 85 54 26 40 14 73 61 8
14 62 63 76 54 20 0 2 61 62 62 83
43 59 17 71 96 95 60 60 54 76 60 86 69 66 84
5 83 69 71
14 85 36 62 74 62 35 32 54
96 6 63 57 1 53 89
93 12 93 69 16 65 54 21 39 0 83
43 59 16 80 23 62 84 89
78 39 73 84 84 98 26 40
62 62 56 54 16 54 28 25
77 90 19 7 73 93 5 68 40 96 48 21
84 16 64 36 14 21 60 14 68 41 75 62 96 84
43 54 93 14 73 61 8 54 76 52 73 9 76 84 14 83 66
20 55 89 11 96 69 69 15 84 62 69 61
14 39 85 27 15
76 52 73 76 84 14 83 66 93 8 52 71 1
17 59 54 21 48 15 58 53 62 58 76 20 39 54 93 85 27 15
71 65 76 62 66 83 71 92 14 56 32
7 21 7 35 54 71 65 62 5 40 16 54 28 25
48 71 62 73 2 45 71
42 29 86 65 94 51 54 76 52 73 9 54 62 5 55 76 62
93 15 76 93 66 35 71 62 75 25 82 71 1
59 96 74 63 53 1
93 39 26 96 65 39 14 18 17
62 80 62 56 54 93 14 2 60 69 45 52 84 59 32 62
8 62 80 62 56 54
52 66 4 50 95 17
17 71 54 62 5 52 71 1 39 66 28 21 54 45 59 16
93 60 60 21 37 54 20 76 62 5 55 76 62 77 90 19 7 73
7 21 7 35 54 54 21 63 2 12 88 75
14 73 8 71 39 54 9 15 93 12 93 5 83 69 71
26 24 52 56 83 0 33
40 54 93 21 35 84 16 15 23 64
14 61 8 61 52 66 4 54 62 5 55 76 62
96 16 75 35 96 4 21 35 54 56 52 71 1 39 35 54
60 14 68 41 71 80 62 54 14 39 73
32 76 0 97 96 9 93 1
98 71 52 71 1 39 62
65 83 84 88 93 35
41 84 55 85 42 76 66 62 71 48 21 48 71 62 73 14 40 34 60 53
16 62 73 61 52 66 4
35 50 76 20 39 54 93 2 45 71 73 51 14 54
54 11 62 25 54 0 58 28
54 73 51 14 54 85 27 26 52 71 39 93
59 17 59 54 21 84 16 15 23 64
62 53 69 21 46 43 76 35 54 16 64 36
80 71 63 95 97 32 42 83 84 70 8
76 20 39 54 93 2 60 69
26 40
71 28 71 61 66 71 75 25 82
26 24 52 56 83 0 66 39 98 11 54 51 86 80
15 41 14 67 66
2 45 71 16 80 23 62 84 89 43 54 62 93
76 20 39 54 85 27 15
71 28 71 61 66 71 28 71 61 66 15 41 14 67 66 60
71 20 55 89 11 28 75 52 60 65 53 17 62 62 62 5
28 71 61 66 62 5 40
9 7 71 93 52 25 69
70 93 2 95 17 2 60 69 16 62 73 98 60 93 1 9 59
83 71 92 14 56 32 59 96 74 63 53 1 62
63 32 71 76 54 17 69 46
14 40 34 60 53 88 35 54 2 45 71
5 68 40 96 2 45 71 16 62 73
93 12 93 69 9 7 71 93 52 25 69
2 45 14 70 71 96 93 54 24 56
54 9 15 26 40 71 76 67 60 54 0 58 28
75 15 55 24 76 62 26 24 52 56 0
48 95 62 51 71 71 1 62 48 71 62 73
96 95 60 60 54 76 60 16 65
24 52 56 83 0 62 32 59 62 51
71 1 62 48 71 15 5 93 73 61 11 69
74 3 48 39 62 16 28 75 76 20 39 54 93
54 76 52 73 9 76 84 83 66 71 48 95 88 61 52 66 4
21 21 65 48 53 62 85 54 17 93
47 58 21 71 54 11 62 25 54
17 69 46 61 48 54 21 21 65 65 65 83 84 88
73 90 66 62 5 62 83 73 83 26 73 62 50
62 62 83 15 41 14 67 66 96 6 57 1 53 89
16 80 23 62 84 89
56 54 39 89 0 83 68 76 5 93 64
35 52 39 43 59 14 73
24 56 70 40 54 5 20 0 2 61 9 93 1
71 71 61 66 48 21 71 48 95 88 54 11 62 25 54
96 69 69 15 41 14 67 66 98 60
61 52 66 4 14 73 61 8 93
40 73 14 56 17 21 48 15 58 53 62 58
76 16 66 52 54 61 52 66 4
93 17 68
96 95 60 60 54 76 60 2 45 73 90 66 62
62 80 62 54 95 54 76 98 52 73 21 21 65 78 39 73 84
90 19 7 73
17 71 16 73 62 70 93 2 57
54 76 73 9 76 84 83 48 71 15
54 51 96 95 60 60 54 60
93 62 54 71 65 96 6 63 57 1 53 89
54 62 5 55 76 62 16 65
51 9 80 62 71 63 95 97 32
62 53 69 21 23 17 8 93 19 15 41 14 67 66
40 54 56 93 61 52 66 4
12 27 93 63 43 59 53 0 62 75 62 16 65 93 5
17 69 46 61 48 54 2 45 71 14 73 61
84 16 15 23 46 64
55 42 54 66 1 80 62 89 62 0 28
54 52 73 76 84 14 83 66 2 69
26 40 46 43 76 54 9 15 68 71 1 62 21 63 2 12
83 73 21 88 75 83 73 76 96
84 16 15 46 64
35 6 83 98 71 76 67 60 54
54 76 52 73 9 84 16 15 23 46 64 62 74 62 35 32 54
83 71 92 14 56 32 62 73 96 95
28 21 93 17 68
93 60 60 21 37 54 20 76 62 5 40
77 90 19 7 73 62 62 83
60 69 31 35 40 26 40
48 15 58 53 62 58 71 83 73 12
66 28 5 68 40 96 70 40 54 5 76 62 16 66 52 54
71 48 95 88 5 62 83 73 83 26 73
77 40 14 12 75 71 39
70 40 54 5 16 42 29 86 5 40 65 54 76 52 73 9
83 21 12 16 53 13 54
16 62 73 28 97 71 62 17 69 46 61 48 54
73 90 66 62 62 56 54 12 81
17 21 35 50
48 71 15 71 28 71 61 66
71 48 88 95 63 14 62 60 69 31 43 54 62 93
62 69 61 26 98 71 50 93 29
40 96 71 9 93 1
2 45 71 54 51 14 66
65 83 88 20 0 2 98 71 8 69 2 71
75 15 55 24 76 62 14 39 73 74 3 48 39 62
75 51 15 86 96 35 54 73 58 52
73 95 51 54 95
26 83 57 16 80 23 62 84 89
35 40 93 54 62 5
9 7 71 52 69 2 60 69 53 0 62
16 53 13 54 26 62 80 62 56 54 53 0 62
16 62 5 11 96 71 59 96 63 53 1 62 65
54 15 71 71 28 71 61 66
26 24 52 56 83 0 54 9 45 71
54 21 39 89 0 83
5 62 83 73 83 26 73 75
84 14 11 9 83 58 93
35 54 93 2 56 62 89 51 34 53
70 40 54 5 27 15 48 69 80 62 8 69 9 93 1 48 21
75 62
15 98 75 54 25 96 69 63 12 84
76 20 54 93 17 61 48 54
54 11 62 54 45 35 40 93
54 76 52 73 9 65 54 71 1 62
62 53 69 21 26 24 52 56 83 0
95 60 60 54 76 60 64 3 83 24 84 24
41 41 84 55 85 42 76 66 62 71 98 71 60 69 21 21 65
15 41 14 67 66 24 56 54 51 50
62 80 62 56 54 14 73 61 8
93 73 61 11 69 60 60 76 60 33 93
71 76 67 60 54 73 90 66 62 98 71
70 62 15 41 14 67 66 52 71 1 39
9 21 17 46 61 48 54 54 11 62 25 54
17 69 46 61 48 54 35 54 17 69 46 61 48 54 48 15 58 53 62 58
42 29 86 65 51 16 60 62 25 14 73
96 95 60 60 54 76 60 26 40 21
5 62 83 73 83 26 73
54 73 51 14 54 65 40 56 54 70
85 27 15 71 54 40 96 14 21 66
98 50 51 9 14 73 8
0 58 3 54 53 17 62 62 96 69 69
73 84 93 62 83 53 54 86 69 66 84 26 40 75 15 55 24 76 62
54 11 62 25 54 17 69 46 61 48 54
93 12 93 69 75 35 14 93 52
93 12 93 69 46 54 51 62
93 12 93 69 43 54 62 40 96 71 62 69 61 48 21 35 54
93 93 69 5 83 69 71 54 76 52 73 9 83 75 98 26
20 0 61 52 71 1 39
71 65 62 14 62 63 76 54 14 21
97 96 5 68 40 96
60 69 34 53 84 86 48 71 15 90 19 7 73 54 76 52 73 9
96 69 69 0 58 3 54 28 75 52 60 17 69 46 61 48 54
42 29 86 65 94 51 85 15 96
93 60 21 37 54 20 76
40 96 71 84 16 36 93 63 61 13 26 40
1 80 62 89 62 0 28 98 60 93 1 9 59
54 68 20 58 3 54
52 71 1 59 74 63 53 1 62 77 90 19 7 73
62 62 83 48 15 96 69 69 21 63 2 12 60 69 31 40
5 68 40 96
62 80 62 56 54 93 14 28 61 20 35 63
43 54 62 93 71 20 55 89
41 67 66 60 75 62 83 77 40 14 12 75
42 29 86 65 94 51
28 75 52 60 93 14 40 54 5 65 5 93 70 40 54 5
62 69 61 21 21 65 71 76 62 93 5 15 54
83 71 92 14 56 32 54 51 53 69 21
83 93 14 84 16 64 36
9 21 71 65 76 62 48 71 15
16 62 73 16 62 73
52 71 1 39 52 62 15 36
60 14 68 41 66 39 98 11 12 28 21
52 93 60 70 40 54 5
62 80 62 56 54 5 93 5 62 83 73 83 26 73
75 51 15 86 96 16 71
16 14 73 61 8
93 14 93 55 63 65 83 84 88
96 95 60 60 76 60 54 56 7 54 50 41 69
14 62 63 76 54 52 71 39 70 93 2
26 98 95 53 71 33 93
62 16 70 28 75 54 21 39 89 0 83 97 96
5 93 64 52 71 1 39 93 2 56 62 89 51
0 28 83 71 92 14 56 32
9 7 71 93 52 25 69 2 60 69
54 62 5 86 69 66 84 65 93
35 40 93 52 84 61 62 69 73 86 80
54 24 56 28 75 52 60
52 21 93 60
93 69 76 20 39 54 93 47 58 21 75 71 32 59 93 26 98 95 53 71
61 52 66 4
2 51 9 26 24 56 83 0 35 40 93
0 58 3 54 71 88 75 54 11 62 25 54
65 54 48 71 15 5 83 69 71
34 84 86 71 1 62 96 69 69 98 71
70 62 40 34 26 40
80 56 54 65 93 5 16 65 62 69 61
71 71 5 83 69 71
62 52 83 65 16 71 84 14 11 9 83 58 14 73 61 8
17 59 54 21 16 54 28 25
54 52 9 76 83 71 76 67 60 54 9 7 71 93 52 69
85 27 15 43 54 62 93
14 62 63 76 54 70 40 54 5 51 9
16 62 73 83 73 21 12
0 58 54 51 9 62 9 20 71 28 71 61 66 45 52 84 59 32 62
53 62 71 48 95 88
71 1 62 14 73 61 8
21 21 65 14 73 8 5 93 64
15 98 75 54 25 62 80 62 56 54 48 15 58 53 62 58
2 60 69
96 95 60 60 54 76 60 61 52 66 4
84 16 64 36 0 58 3 54 34 53 84 86
75 25 82 17 69 46 9 73
65 54 14 39 73 83 93 14
35 40 93 52 84 61 62 69 73
16 42 29 86 5 40 65 96 69 69 75 35 14 93 52
48 71 62 73
14 73 61 8 93 12 42 83 84 8
62 62 83 21 21 65 14 21 16 28 75 84 76 76 20 39 54
16 42 29 86 5 40 65 45 59 16 28 14 25 93 17 68
40 54 56 93
14 62 63 76 54 93 2 56 62 89 51
62 62 83 28 62 73
48 21 62 62 83 83 93 14
58 2 71 84 8 83 1 80 62 89 62 0 28
24 52 56 83 0 65 5 93 51 9 73 93
62 62 83 52 1 39
95 60 69
8 69 54 62 5 12 95 63 14 62
54 73 51 14 54 28 75 52 60
62 59 51 75 62 2 16
76 62 16 66 52 54 77 90 19 7 73 14 62 63 76 54
24 52 56 83 0 84 16 15 23 46 64
62 56 54 35 40 93 62 52 83 65 76 83 45 71
64 3 83 24 84 24 83 71 92 14 56 32
62 62 83 14 39 73 93 35 51 9 21 21 65
71 65 76 62 5 40 26 40
46 43 76 96 16 75 35 96
84 76 21 66 17 71 54 51 65
17 69 46 61 48 54 5
75 35 14 52 21 65 20 0 2 61
68 54 76 70 93 2 57
70 40 54 5 83 71 92 14 56 32
66 28 62 52 83 65 16 71 43 54 62 93
76 62 16 66 52 54 76 83
76 71 34 53 84 86 2 45 71 89 15
40 71 28 71 61 66 43 54 62 93 54 51 71 54 80
43 54 62 93 15 41 14 67 66 70 40 54 5
65 65 35 40 93 52 84 61 62 69 73 34 53 84 86
62 69 61 96 62 62 83 14 73 43 54 62 93
9 93 1 28 75 52
35 54 61 52 66 4 54 62 55 76 62 48 71 62 73 5 93 73 61 11 69
71 28 97 70 93 2 57
65 93 65 83 84 88 52 62 15 36 62 56 54 12 81
83 69 2 69 15 41 14 67 66
61 52 66 4 71 20 55 89 11 93 54 73 9
73 90 66 62 20 2 61 14 73 61 8 12 28 21 16 65 93 5
26 83 57
77 90 19 48 71 62 73
93 14 52 21 93 60
70 2 57 62 5 40
83 93 14 70 93 2 57
54 76 52 73 9 71 35 54
62 62 83 41 71 54 15
54 62 5 55 76 62 9 7 71 93 52 25 69 14 73 61 8
54 62 5 55 76 62
76 20 39 54 93 14
62 80 62 56 54
78 73 84 48 15 58 53 62 58 62 56
5 93 73 61 11 69
9 21 65 54 70 40 54 5 35 40 93 39
23 17 93 19
54 73 51 14 54 60 14 68 75 52 60 54 76 52 9 76 14 83 66
70 93 2 57 0 58 54 41 63 56 16
78 39 73 84 71 73 76 96
96 16 75 35 96 62 96 17
14 40 60 53 26 24 52 56 83 0 59 21 62
93
73 58 78 52
54 76 52 73 9 40 96 71
52 66 4 73 90 66 62 71 39
62 56 54 12 81 60 14 68 93 60 60 21 37 54 20 76
54 68 20 4 21 35 65 5 16 62 73
54 68 20 21 21 65 54 85 27 15
15 41 14 67 98 60 71 1 62 62 80 62 56 54
16 42 29 86 5 40 65
76 20 39 54 93 54 76 52 73 9
65 83 84 88 71 48 95 88 52 93 60
97 96 71 15 14 73 61 8 5 93 73 61 11 69
70 40 54 5 66 28 93 12 93 69
96 95 60 60 54 76 60
76 83 16 62 73 35 54 5 69 48 15 58 53 62 58
14 39 73
48 15 58 53 62 58 66 28 5 83 69 52 71 1 39
35 37 14 21 70 2 57 36 68 54 76 51 9 73
28 75 52 60 83 75 98 26 33 93
54 76 62 62 83 9 7 71 93 52 25 69
96 69 69 93 12 93 69
14 73 61 8 62 53 69 21 43 54 62 93
54 51 54 15 69 35 54 54 76
27 36 68 54 76 33 65 5 93 66 39 98 11
70 40 54 5 93 17 68
84 16 15 23 46 64
70 40 54 5 53 17 62 62 71 1 62
54 76 52 73 9 35 83 75 26 71 1 62
17 59 54 21 5 40
70 93 2 57 2 71
60 69 31 26 40 83 73 21 12
2 45 71 48 15 53 62 58 74 3 71 1 62
16 53 13 54 16 54 28 25
62 69 61 80 62 56 54
16 60 62 25 16 54 76 52 71 1 39 62 62 83
96 69 69 40 54 5 2 45 71
17 69 46 61 48 54 54 51
21 53 0 62 21 21 65
62 62 83 77 90 7 73 84 16 15 23 46 64
54 62 5 55 76 62 15 41 14 67 66
14 66 26 24 52 56 83 0
71 35 83 93 8 69
17 69 46 61 48 54 39 14 18 17
62 80 62 54 54 76 52 73 9
5 62 83 73 83 26 73 27 73 57 93
48 21 54 76 52 73 9 76 84 14 83 66
54 76 52 73 9 76 84 14 83 66 35 40 93
86 69 66 84
20 93 93 35 71 65 76 62 16 53 12
65 54 16 62 73 14 21 54 11 62 25 54
36 68 54 76 2 60 69 75 51 15 86 96
71 54 98 26 83 57
39 14 17 71 65 76 62 51 9 83 73 21 12
2 60 34 53 84 86 70 93 2 57 14 63 76 40 96 48
42 25 98 59 83 55 15 41 14 67 66
16 80 23 62 84 89 16
48 71 15 0 58 28 71 76 67 60 54
95 93 69 98 93 73 76 96 14 34
73 90 66 62
65 83 84 88 61 52 66 4 5 93 73 61 11 69
85 27 15
48 54 51 39 14 18 17 70 93 2 57
40 54 56 62 54 17 69 46 61 48 54
17 69 46 48 71 62 73
16 28 75 71 1 62 71 65 76 62
16 42 29 86 5 40 65
17 69 46 61 54 43 54 62 93 17 69 46
80 62 71 63 95 97 32 73 17 76 26 97 96
76 20 39 54 93 5 68 40 96
16 42 29 86 5 40 65 61 52 66 4
14 73 61 8 78 39 73 84 51 9 73
0 58 28 16 36 5 62 83 83 26 73 54
16 65 93 5 97 96
57 14 48 15 53 62 26 40 85 27 26
86 80 54 62 5 5 93 64
54 51 54 20 0 2 61 71 1 39
93 39 26 96 65 2 45 71 26 40
28 75 52 60 73 90 66 60 69 61 52 66 4
5 68 40 96 93 55 63 93 14 70 16 46
71 65 76 62 54 62 5 75 62
43 54 62 93 93 17 68
5 68 40 96 51 9 84 16 64 36 59 21 62
71 5 62 83 73 83 73 39 14 18 17
68 54 76 93 16 62 5 11 96 71 51 54 51 73 76 96
43 54 62 93 65 65 26 24 52 56 83 0
97 96 33 93 98 7 87 5 54
42 84 70 8 69 16
39 48 21 5 93 73 61 11 69
76 52 73 9 62 96 17
41 41 84 55 85 42 76 66 62 71 48 71 62 73
59 96 74 63 53 1 62
93 12 93 69 2 16
62 62 83 96 69 69 93 35 16 53 13 54
98 7 87 5 54 62 69 61
5 62 83 73 26 73 93 2 56 62 89 51
15 41 14 67 66
14 73 8 62 56 54 12 81 52 21 93 60
52 71 1 39 54 62 26 40 14 70 16 46
70 40 54 5 2 45 71
17 59 54 21 71 15 71
54 76 52 73 9
48 71 62 73 65 5 83 69 71
71 1 62 93 60 60 21 37 54 20 76
62 62 83 5 83 69 71 5 40
62 62 83 35 40 93 52 84 61 62 69 73
43 54 62 93 52 71 39
77 90 19 7 73 14 73 61 8 93 15 76 93 66 35 71
76 62 16 66 52 54 83 71 92 14 56 32
52 71 1 39 48 71 62 73 28 97
5 62 83 73 83 26 73 48 15 58 53 62 58 14 52
84 14 11 9 83 58
48 15 58 62 58 83 77 40 14 12 75
54 21 39 89 0 83 66 73 95 51 54 95
23 17 8 93 19 48 15 58 53 62 58
62 32 59 62 51 98 71
71 48 88 43 54 62 93 68 20 48 71 62 73
14 73 61 8
26 24 52 56 83 0
48 15 58 53 62 58 54 21 39 89 0 83
54 43 59 28 75 52 60
93 60 60 21 37 54 20 76
42 84 70 54 9 15 16 36 62 48 15 58 53 62 58
2 45 71 85 54 17 93 62 62 83
54 62 5 55 76 62
26 24 52 56 83 0
93 5 15 54 71 15 4 21 35 35 40 93 16 80 23 62 84 89
14 71 96 93 71 52 21 93 60 0 58 28
93 39 26 96 65 45 52 84 59 32 62
48 71 73 93 5 15 54 73 90 66 62
14 73 61 8 76 20 39 54
62 56 54 12 81 26 40 65 65
17 21 26 24 52 56 83 0
2 45 71 93 5 15 54 5 83 69 71 54 62 5 55 76 62
54 96 60 54 76 12 98 9 93 1
77 90 19 7 73 73 76 96
35 37 54 24 9 7 71 93 52 25 69
93 12 93 69 54 56 93 35 62 80 62 56 54
80 62 56 54 84 16 36 54
20 0 2 61 73 95 51 54 95
0 42 83 84 70 8 40 96 71 61 52 66 4
4 21 35 83 21 12
66 28 0 58 3 54
93 12 93 69 66 28 84 14 11 9 83 58
7 21 98 17 69 46 52 21 93 60
71 96 69 69 97 96 26 40 43 54 62 93 64 83 24 84
75 62 76 16 66 52 54 14 70
14 73 61 8 17 59 21 34
54 62 5 55 76 62 23 17 8 93 19 93 55 63 54 76 52 73 9
93 35 93 15 76 93 66 35 71
48 95 88 5 62 83 73 83 26 73
12 93 69 71 76 67 60 54
54 76 52 73 9 76 84 14 83 66
17 21 42 83 84 70 8
96 6 63 57 1 53 89 93 60 60 21 37 54 20 76
5 93 64 54 15 16 60 62 25 16
61 52 66 4 39 14 18 15 41 14 67 66
5 62 83 73 83 26 73 41 71 16 80 23 62 89
9 40 54 56 93 53 0 62
54 76 52 73 9 53 0 62
71 65 76 62
54 76 52 73 9 12 28 21 54 76
71 1 62 76 20 54 93 66 28
77 90 19 7 73
85 93 63 61 13 35 93 96 95 60 60 54 76 60
76 20 39 54 93 62 20 0 2 61 98 84 14 11 9 83
76 62 16 66 52 54
93 12 83 73 21 12
51 9 54 76 52 73 9 98 62 43 54 62
84 16 64 36 17 98
15 41 14 67 66 75 31
62 53 69 21 73 90 66 62 58 3 54
62 56 54 12 81 5 93 73 61 11 69
8 69 93 17 68 54 11 62 25 54
61 52 66 4 7 21 7 35 54
71 1 34 53 84 86 17 59 54 21
65 83 84 88 17 69 46 9 93 1 34 53 84 86
54 62 5 55 76 62 40 96 71 54 9 15
14 52 83 73 21 12
39 14 18 17 54
96 6 63 57 1 53 89 16 65 16 53 13 54
48 15 58 53 62 58 14 73 61 8
75 62 43 54 62 93 76 16 66 52 54 70 40 54 5
17 69 46 61 48 54
77 90 19 7 73
17 69 46 48 54 28 75 52 60 96 95 76 60
85 93 63 61 13 16 62 73 16 80 23 62 84 89
96 69 63 12 84 16 53 13 54 86 69 66 84 96 69 69
75 55 24 76 62
73 14 56 65 93 71 1 62
76 62 16 66 52 54 12 68
76 20 54 15 41 14 66
28 61 20 35 63 95 48 15 58 53 62
2 60 69
52 71 1 35 40 93 65 83 88 54
14 40 34 60 53 28 61 20 35 63
53 0 62 75 62 62 62 83 54 68 40 96
62 95 93 32 84 53 46 43 76 86 80
71 39 26 24 52 56 83 0 59 96 74 63 53 1 62
5 93 64 12 28 21 54 51
0 58 28 65 83 84 88
75 62 2 60 69 27 73 57 93 16 65 5 93 93 12 95 63 14
54 51 64 83 24 84 73 90 66 62
41 41 84 55 85 42 76 62 71 41 41 84 55 85 42 76 66 62 71
15 75 54 25 28 75 52 60 16 42 29 86 5 40 65
62 62 83 75 40 96 70 40 54
96 6 63 57 1 53 89
84 16 64 36 17 69 46 61 48 54 39 14 18 17
37 93 14 14 12 12 40 93 28 71 15 96 70
48 69 80 62 16 62 73
17 69 46 2 16
64 3 83 24 84 24 70 93 2 57 83 73 21 12
52 21 93 60 62 5 40 16 53 13 54 54 51
21 12
85 93 61 13 54 35 54 84 53
47 58 21 75 71 33 93 62 80 62 56
93 15 76 93 66 35 71 14 85 36
7 21 7 35 54 60 14 68 41
16 62 73 52 21 93 60 14 73 61 8
34 53 84 86 16 42 29 86 40 65 51 9
24 52 56 83 0 62 53 69 21 62 56 54 12 81
54 11 62 25 54 76 62 16 66 52 54 33
28 75 52 60 78 39 73 84
43 54 93 84 14 11 9 83 54 62 93
93 14 61 52 66 4 62 84 54 68
85 27 26 97 96
33 93 54 32 28 79 57
47 21 71
5 62 83 73 83 26 73 54 75 15 55 24 76 62
43 54 62 93 46 43 16 80 23 62 84 89
93 12 69 54 68 54 51 66 28 15 84 89 1 84 71 54
75 62 93 69 71 28 71 61 66 16
62 62 83 97 96 62 62 83
0 74 3 48 39 62 51 9 62 62 83
54 62 5 71 77 90 19 7 73 75 25 82
71 73 90 66 62 62 16 70 28 75
93 12 93 69 84 48 15 58 53 62 58
73 17 76 26 14 62 5 55 76 62
53 0 62 43 59 14 70 16 46
88 75 2 16 42 83 84 8
62 56 54 12 81 54 76 52 73 9 95 63 14 62
14 73 61 8 21 21 65
73 90 66 62 15 84 89 1 84 62 80 62 56 54
75 35 14 93 52 54 15 69 84 53
47 58 21 75 71 43 54 62 93
0 58 28 32 76 0 76 62 80 62 56 54
63 32 71 76 54 21 28 21
68 40 96 2 45 71 77 90 19 7 73
54 76 93 14 93 12 12 40 68 62 62 83
52 60 54 20 84
2 45 71 17 21 65 93
48 21 64 24 24 9 93 1 2 16 39 73 76 20 39 54 93
56 16
93 2 56 89 51
62 56 54 12 81 71 20 55 89 11 26 24 52 56 83 0
96 71 14 62 63 76 54
46 43 76 76 20 54 16 53 13 54
16 66 52 54 5 62 83 73 83 26 73
73 90 66 62
54 15 69 52 60 5 62 83 73 83 26 73 17 69 46 61 48 54
93 14 54 93 60 60 21 37 20 76
42 84 62 62 83 77 40 14 12 75
93 1 95 93 69 98 93 14 62 63 76 54
50 95 17 43 54 62 93 28 61 20 35 63
9 7 71 93 52 25 69
60 14 68 41 23 17 8 93 19 84 98
2 60 69 16 62 5 11 96 71
35 93 9 7 71 93 52 25 69 75 52 71 1 39 52 21 93 60
14 63 76 40 96 48 69 16
83 75 98 26 26 83 57 28 61 20 35 63
43 54 62 93 7 71 93 52 25 69 16 53 54
36 68 54 76 93 15 76 93 66 35 71
54 62 5 52 21 93 60 17 46
40 54 56 93 0
54 76 52 73 9 76 84 14 83 66 85 27 15
14 70 16 46 85 54 17 93 93 60 14 70 16 46 15 41 14 67 66 98 60 93 12
62 80 62 56 54 71 65 76 62 2 60 17 21
16 42 29 86 5 40 65 61 52 66 4
62 62 83
46 43 76 53 93 17 68 20 0 2 61
73 83 73 21 12 89 15 95 63 14 62
76 83 66 62 14 28 71
93 15 76 93 66 35 71 26 83 57
17 69 46 61 48 54 65 5 93 15 69
96 16 75 35 96
97 96 96 69 69 75 62 53 0 62 85 15 34 53 84 86
40 54 56 93 65 54 70 93 57 9 93 1
43 54 62 93 54 28 75 52 60
14 73 61 8 71 52 71 1 39 48 15 53 62 58
84 16 64 36 71 54 62 5 40
71 65 76 62 14 73 61 8 48 21
42 29 86 65 94 51 17 65 83 84 88 70 40 54 5
60 69 23 17 8 93 19
16 53 13 12 68 83 71 92 14 56 32 80 62 71 63 95 97 32
54 24 56 71 65 76 62 16 60 62 16 16 60 62 25 16
84 16 15 23 46 64 71 76 67 60 54
35 40 93 46 43 76 76 20 54 93 28 20 35 63
54 24 48 15 58 53 62 58 42 54 66 84 16 64 36
46 43 76 70 40 54 5 28 75 52 60
71 20 55 89 11 62 5 40
62 52 83 65 16 71
71 28 71 61 66 76 83 9 93 1
71 62 16 70 28 75 15 41 14 67 66 0 59 21 62 50 95 93 14
60 69 31 21 85 14 93 26 17 59 21 34 71 76 67 60 54
8 69 83 73 21 12 60 69 31 51 9 52 1 39 0 58 3 54
75 62 48 15 58 53 62 58 36 68 54 76 75 51 15 86 96
66 28 15 41 14 67 66 69 31
83 93 14 14 39 43 54 62 93
86 69 66 84 62 74 35 32 54
64 83 24 84 62 80 62 56 54 93 12 93 69
70 57 54 76 52 73 9
0 70 40 54 5 77 90 19 7 73
75 25 82 14 21 66 14 70 71 96 93
97 77 90 7 73 28 75 52 60
14 73 8 28 75 52 60 26 40
16 80 23 62 84 89 15 41 14 67 66
16 80 23 62 84 89 86 69 66 84
93 26 96
26 83 57 70 93 2 57 28 61 20 35 63
16 80 62 84 89 93 63 61
76 20 39 54 93 14 63 76 40 96 48 93 2 54 9 54 76
34 53 84 86 16 28 75
21 21 65 17 69 46 61 48 54 93 14 14 73 61 8 88 75
14 39 73 71 36 68 54 76
17 98 33 5 68 40 96 78 73 84
52 62 15 36 93 15 76 93 66 35 71
48 21 96 69 69 35 37 60 69
62 56 54 12 81 76 20 39 54 93
16 62 73
84 16 64 36 39 11 83 84 16 64 36
97 96 26 17 21 71 65 76
83 73 12 71 76 20 39 54 93
48 71 62 73 62 9 20 52 62 15 36 75 62 56 16
93 14 93 14 12 12 40 33 93
43 54 62 93 15 41 14 67 66 60 73 90 66 62
61 52 66 4 16 53 13 54 28 75 52 60
71 65 76 62 88 75 96 6 63 57 1 53 89
16 64 36 95 63 14 62 5 68 40 96 93 34 53 86
73 90 66 16 65 93 5
43 54 62 93 75 62 62 77 90 19 7 73 16
75 35 14 52 93 62 71 65 5 62 83 73 83 26 73
16 80 23 62 84 89
62 32 59 62 51 33 93 60 69 31
41 41 84 55 85 42 76 66 62 71 1 80 62 89 62 0 28
83 71 92 14 56 32
84 16 64 16 80 23 62 84 89 48 21
62 56 54 12 81 62 5 40 12 28 21
71 48 95 88
16 62 5 11 96 71 98 7 87 5 54 71 1 62
54 73 51 14 54 42 29 86 65 94 51
16 53 54
54 62 5 55 76 62
54 76 52 73 9 35 40 93 52 84 61 62 69 73
27 73 93 33 93 85 63 61 13
33 93 78 39 84 59 96 74 63 53 1 62
33 93 48 71 62 73 41 14 66
93 15 76 93 66 35 71 0 76 93 60 60 21 37 54 20 76
23 17 8 93 19 14 39
28 62 5 40 54 76 52 73 9
84 14 39 73 64 3 83 24 84 24
48 15 58 62 58 73 54 15 62 62 83
14 16 46 14 70 46 54 9 15 28 75 52 60
5 93 73 61 11 69 93 12 93 69
90 19 73 54 76 52 73 9
15 41 14 67 98 28 97 36 68 76 96 95 60 60 54 76 60
62 40
52 21 60 71 48 95 88
48 58 53 62 58 48 15
97 96 35 40 93 21 28
65 83 84 88 40 34 60 53
14 73 61 8 14 73 61 8 65 54
14 73 61 8 52 21 93 60
93 12 93 61 52 66 4 54 21 39 0 83
0 28 76 20 93 21 12 36 68 54 76 70 40 54 5
71 65 76 62 2 16
80 62 71 63 95 97 32 33 93 88 75
62 80 62 56 54 93 48 21 83 84 88
60 60 54 76 60 15 41 14 67 66 98 60
43 59 66 39 98 11 4 21 35
52 71 1 39 84 83 54 29 62 84 98 80 62 71 63 95 97 32
14 62 63 76 14 73 61 8 93 12 93 69
46 43 76 35 37
54 11 62 25 54 15 26 40 54 11 62 25 54
51 9 73 54 21 39 0 83
71 54 21 39 89 0 83
26 24 52 56 83 0 14 21 41 14 67
96 69 69 93 17 68 48 15 58 53 62 58
43 54 62 93 0 58 3 54 48 62 62 83
16 60 62 25 16 52 71 1 39 54 62 5 55 76 62 93 14
65 54 60 69 31 70 93 2 57
4 35 88 75 1 80 62 89 62 0 28 17 69 46 61 48 54
96 6 63 57 1 53 89
54 76 52 73 9 14 73 61 8
12 27 93 63 62 80 62 56 54 60 69 31 60 31 76 20 39 54 93
35 40 93 54 24 76 20 39 54 93
16 53 13 54
71 15 70 93 2 57 16 80 23 62 84 89
62 62 83 14 39 73 8 69 39 73 84
41 71 5 83 69 71 54 54 51
84 16 64 36 62 56 54 12 81 54 21 39 89 0 83
54 51 76 20 54 93 28 61 20 35 63
62 52 83 65 16 71 76 62 16 66 52 54 58 2 71 84 8 83
43 54 62 93
65 54 70 93 2 57
54 62 76 62 16 66 52 54 54 76 52 73 9
73 61 8 53 0 62 54 11 62 25 54 52 21 93 60
80 48 71 15 14 63 76 54 53 0 62 15 41 67 66
75 35 14 93 52 98 60 93 1 9 59 17 21 5 40
54 93 60 60 21 37 20 71 1 39 46 60 69 84 98
58 2 71 84 8 83
36 68 54 76 17 21 53 0 62
43 54 93 16 65 93 5 71 43 59 83 70 8
70 93 2 66 28 62 69 61
14 70 16 46 66 28 62 5 40 54 76 52 73 9
54 76 52 73 9 71 54 83 73 21 12
14 17 21 14 34 60 53 2 23 17 8 93 19
86 80 48 15 58 62 58 83 73 21 12 64 36
75 51 15 86 96 96 69 69 53 62
62 52 83 65 71 28 71 61 66 71 15 62 62 83
71 1 62 21 21 65
54 15 69 14 11 9 83 58
71 28 71 61 66 62 5 40 93 12
75 15 55 24 76 62 16 53 12 54 76
84 83 54 29 62
23 17 8 93 19 62 62 83 71 65 76 62
60 14 68 41 93 60 60 21 37 54 20 76
96 69 69
70 5 71 1 62 83 93 14
51 9
54 73 51 14 54 35 54 17 69 46 76 20 0 61
95 63 14 62 96 69 69 70 40 54 5
52 71 71 95 93 69 98 93 53 62 65 76 62
26 24 52 56 83 0
86 69 66 84 96 69 69
62 5 40
84 16 64 36 76 0 76 35 54 26 24 52 56 83 0
62 53 69 21 26 98 95 53 71
78 39 73 84 83 73 21 12 77 90 19 7 73
46 43 76 65 5
16 60 62 25 16 52 71 1 39
64 3 83 24 84 24 83 93 14 54 9 15
84 35 40 93 84 61 62 69 73
15 41 14 67 36 68 54 76 96 69 69 48 58 53 62 58
65 76 62 76 20 39 54 70 40 54 5
71 76 67 60 54 76 20 54 93
76 20 39 54 93 54 62 56 54 12 81
20 0 2 61
76 96
98 7 87 5 43 54 62
14 73 61 8 14 73 61 8
53 39 52 96 6 63 57 1 53 89
93 14 86 69 66 84
62 80 62 56 54 76 20 39 54 93
71 1 62 54 9 15 0 58 28 85 27
21 21 65
62 16 70 28 75 84 16 64 36 64 83 24 84
43 54 62 93
83 0 58 3 43 54 62 93 54 76 52 73 9
65 73 90 66 26 98 95 53 71 15 69 33 93
93 93 69 93 12 93 69
52 21 93 60 2 45 71 48 95 88 84 14 11 9 83 58 2 60 69
2 60 69 40 73 14 56 14 25 28 69
62 5 16 53 13 54 54 51
83 75 98 43 59 26 40 23 17 8 93 19
85 27 15 62 80 62 56 54
76 20 39 54 93 86 69 66 84 61 52 66 4
2 16 62 16 70 28 75 70 93 57 54 51
62 80 62 56 54
42 29 86 65 94 51 76 96 16 62 73
28 75 52 60 65 83 84 88
28 75 52 60 12 68 54 62 93
71 76 67 60 54 69 5 68 40 96
26 24 52 56 83 0 71 54 85 27 15
51 9 66 28 14 73 61 8 93 93
28 75 52 60 93 5 15 54
15 2 98 75 54 25
62 5 40 52 21 93 60
8 69 54 62 5 35 37
40 56 54 70 5 93 64
48 71 62 73 71 15 54 40 96 26 40
76 39 47 58 21 75 71 66 28
93 60 60 21 37 54 20 76 93 16 65 35 37
62 59 26 24 52 56 83 0 17 21 2 60 69 54 62 5 55 76 62
41 71 96 95 60 54 76 60 54 51 62 28 75
69 35 40 43 54 62 93 43 54 62 93
34 53 84 86
16 62 73 2 60 69 60 31 89 54 76
54 76 52 73 9 76 84 14 83 66 70 93 2
60 69 31 26 24 52 56 83 0 62 12 68 52 21 93 60
52 21 93 60 7 21 98 14
54 21 39 89 48 71 15 9 93 1 59 96 74 63 53 62
65 54 96 69 69 70 93 2 57 62 69 61
14 39 73 41 55 85 42 76 66 62 71
26 24 52 56 83 0 35 86 69 66 84 54 21 39 89 0 83
62 80 62 56 54 41 71 21 66
14 73 88 75 47 58 21 75 71
35 40 93
93 15 76 93 66 35 71 60 14 68 41 71 15 54 40 96
65 83 84 88 54 9 15 70 40 54
62 52 83 65 66 28 16 53 13 55 42 54 66
62 69 61 15 41 14 66 98 60 2 16
0 58 3 54
96 69 69 43 54 62 93 54 96 69 69
43 59 54 76 52 73 9 93 15 76 93 66 35 71
75 15 55 24 76 62 27 73 57 93 9 7 71 93 52 25 69
16 42 29 86 5 40 65
26 83 57 66 28 14 39 5 62 26 73
28 61 20 35 63 21 21 65 54 73 51 14 54
71 65 76 62 62 16 70 28 75 14 39 73 54
76 39 54 93 17 46
15 2 98 75 54 25
35 40 93 52 84 61 62 69 73
62 96 17 15 41 14 67 66 5 83 69 71
65 65 54 9 15 62 62 83 51 9
56 16 93 14 93 14 12 12 40 54 24 56
40 96 71 62 5 40 83 93 14 96 69 69
83 71 92 14 56 32 53 48 71 15
39 14 17 15 55 24 76 62 14 73 61 8
96 6 63 57 1 53 89 71 28 71 61 66
9 7 71 93 52 25 69 48 21
93 17 68 17 76 26 42 29 86 65 94 51
62 62 83 46 43 76 0 58 28
96 16 75 35 96 40 54 56 93
28 75 52 60 5 40 71 48 95 88 93 5 15 54
62 56 54 12 81
71 54 69 98 71 62 68 62 16 70 28 75
17 59 21 34 48 21 5 40 96
62 16 70 28 75 65 76 62
76 20 39 54 93 70 93 2 57 2 33 93 78 39 73 84
96 6 63 57 1 53 89
34 53 84 86 71 62 32 59 62 51 14 17 21
95 63 14 62 96 15 41 14 67 66 48
54 62 5 76 62 5 93 64
60 54 43 54 62 93 54 68 95 63 14 62
85 63 61 13 35 83 93 60 69 31 83 73 21
98 60 93 1 9 59
29 65 54 20 0 2 61 48 21
17 69 46 61 48 54 14 39
70 93 2 57 14 15 41 14 67
17 59 54 21 28 75 52 60 26
54 24 73 90 66 62 14 73 61 8
75 70 40 54 5 93 14
76 62 16 66 52 51 9 73 71 54 69 98 71 62 68
60 14 41 96 69 69 70 40 54 5
73 90 66 62 9 7 71 93 52 25 69
28 61 20 35 63 93 76 20 39 54 93 96 6 63 57 1 53 89
16 62 73
16 80 23 62 84 89 8 69 54 51 71 15 17 69 46
71 76 67 60 54 16 53 13 24 17 59 54 21 71 65 76 62
83 73 21 12 62 62 66 28 75 71 39 75
17 21 26 98 95 53 71
16 54 28 25 17 69 46 61 48 54 75 35 14 93 52
96 6 63 57 1 53 89
15 14 67 66 21 78 39 73 84
95 63 14 62 42 83 84 70 8
66 28 84 76 70 65 83 84 88 2 45 71
0 58 3 54
96 16 75 35 96 71 28 71 61 66 16 73 51 9 73
98 37 35 54 96 16 75 35 96
15 41 14 66 98 60 84 16 64 36 96 60 60 54 76 60
93 60 60 21 37 54 20 76 60 69
84 98 84 16 64 36 93 2 57
96 69 69 86 80
59 96 74 63 53 1 62 2 45 71 36 68 76
73 90 66 62 77 90 19 7 73
2 45 71 71 84 98 20 54 93 86 80
73 58 78 52 96 69 69 26 24 56 83 0
66 39 98 11 74 3 48 39 62
75 15 55 24 76 62
65 84 88 75 62 40 21 62
54 73 51 14 54
76 62 16 66 54
1 80 62 89 62 0 28 71 15 17 46
61 52 66 4 83 93 14
62 96 17 65 83 84 88 28 21
54 9 15 52 21 93 60
71 92 14 56 32 86 69 66 84 73 90 66 62
75 52 60 93 69 93 93 69
59 96 74 63 53 1
86 69 84 5 93 64 35 93 48 21
71 16 36 35 40 93 9 93 1
17 69 46 61 48 54 53 0 62
14 70 16 42 29 86 65 94 51 62 5 40 9 1 36 68 54 76
95 93 69 98 93 15 16 62
54 76 52 73 9 35 40 93 52 84 61 62 69 73
2 45 71 54 68 53 17 62 62
54 51
59 96 74 63 53 1 54 76 52 73 9 84 14 83 66
98 71 71 39 75
14 39 73 97 96 86 80
35 40 93 62 16 66 52 54 45 71
71 1 39 70 40 54 5
40 77 90 19 7 73 53 12 76 62 16 66 52 54
56 16 73 21 12 93 60 60 21 37 54 20 76
53 0 62 62 83 40 54 56 93 17 69 46 61 48 54
34 60 53 62 95 93 32 62 80 56 54
15 41 14 67 66 98 60 43 54 62 93 93 60 60
43 59 35 54 64 3 83 24 84 24
20 0 2 61 84 16 15 23 46 64
71 33 93 8 98
95 63 14 62 77 90 19 7 54 33 93 8 69 34 53 84 86
15 41 14 67 66 77 90 19 7 73
76 62 16 66 52 54 65 62
75 62 93 93 14 12 12 40 84 76
75 62 14 70 71 96 93
68 54 9 15 17 21 93 60 60 21 37 54 20 76
96 95 60 60 76 60
15 58 53 62 58 52 21 93 60 26 40 26 24 52 56 83 0
45 52 84 59 32 62 54 9 15 46 43 76
71 76 67 60 54 48 15 58 53 62 58
97 96 62 5 40
75 15 55 24 76 62 54 68
16 62 73 95 63 14 62 9 7 71 93 52 25 69
71 65 76 62 84 76 9 93 1 16 12
76 20 39 54 93 62 80 62 56 54
54 76 52 76 84 14 83 66 83 73 21 12
0 58 54 59 96 74 63 53 1 62
54 62 5 55 76 62 66 28 15 76 93 66 35 71
93 12 73 17 76 26 71 65 76 62
5 83 69 71 2 60 69 39 73 9 7 71 93 52 25 69
71 48 88 71 39 14 18 17 84 14 11 9 83 58
53 0 62 59 93
1 80 62 89 62 0 28 96 95 60 60 54 76 60 51 9
43 54 62 93 77 19 7 73 43 54 62 93
96 45 59 16 28 65 93 1 62 17 21
71 65 76 62 14 73 61 8
71 75 33 93 73 90 66 62 86 69 66 84
65 62 35 83 93 71 1 62 15 41 14 67 66
14 73 61 8 54 76 52 73 9 2 45
16 42 29 86 5 40 65 34 53 84 86 95 60 54 76 60
28 97 16 54 28
69 46 77 90 19 7 73 16 36 16 53 12 96 95 60 60 54 76 60
1 62 48 15 58 62 58 60 69 31 45 28 75 52 60
73 58 77 19 7 62 62 83
45 48 21 84 93 2 56 62 89 51
54 11 62 25 54 54 21 39 89 0 83 98 7 87 5 54
35 40 93 28 75 52 60 48 45 59 16 28 93 93 69 48 21 96 6 63 57 1 53 89
54 11 62 25 62 73
32 76 0 76 40 96 71
40 73 56 54 68 28 75 62 62 83
39 18 17 54 76 52 73 9 96 16 75 35 96
28 61 20 35 63 2 60 69
73 90 66 84 53 21 76 20 93
14 77 90 19 7 73
76 20 39 54 93 52 21 93 60
48 21 98 7 87 5 54
7 21 7 35 54 84 16 64 36 96 69 69 84 53
96 95 60 60 54 76 60 54 11 62 25 54 35 40 52 84 61 69 73
96 69 69 86 69 66 84
88 75 14 39 73 52 21 93 75 35 14 93 52
98 60 93 1 9 59
76 20 39 54 93
96 69 69 14 39 73 48 15 58 62 58
9 7 71 93 52 25 69
59 21 16 65 93 5
33 93 35 93 52 84 27 17 75 62
86 80 96 69 69 2 16 93 60 60 28 75 42 83 84 70 8
12 28 21 62 5 40 70 93 2 57 17 69 46 61 48 54
35 40 93 9 21 98 60 93 1 9 59 54 62 5 55 76 62
9 93 1 62 62 83 48 71 15 93 15 76 93 66 35 71
71 65 76 62 17 59 54 21
14 73 8 70 40 54 5
98 71 35 40 93 23 17 8 93 19
54 76 52 73 9 26 24 52 56 83 0 76 16
66 28 1 80 62 89 62 0 28
42 84 54 51 14 54 52 1 39
76 62 16 66 52 54 77 90 19 7 73
96 95 60 60 54 76 60
71 28 71 61 66
62 62 48 71 15 28 97 2 16 54 24 56
65 5 93 71 76 67 60 54 70 40 54 5 2 45 71
15 41 14 67 66 98 60 95 63 14 62 71
84 16 64 36
53 52 29 86 65 94 51 95 63 14 62
98 60 1 59 83 14 21
54 51 2 41 71 69 20 0 2 61
96 69 69 83 75 98 26
60 69 31 20 0 2 61
70 93 2 57 48 71 15 83 73 21 12 16 62 73
17 27 93 63 28 97 71 65 76 62 62 95 93 32
54 62 5 55 76 62 71 5 68 40 96
70 40 54 75 62 93 14 66 28
84 16 15 23 46 64 70 62 98 71 71 76 67 60 54
62 80 62 56 54 54 24 56
43 62 93 52 71 1 39 15 58 53 62
93 17 68 75 39 0 83 76 20 39 54 93
26 40
16 65 93 5 62 53 69 21 35 40 93
43 54 62 93 16 53 13 54 43 59 54 52 73 9
51 9 83 71 92 14 56 32 2 45 71 51 9 60 69 31
96 69 69 41 71 43 59
73 12 43 54 62 93 5 83 69 71 71 62
96 6 63 57 1 53 89 40
93 5 93 64 60 69 31 93 62 62 83
28 60 71 1 62 35 54 80 62 71 63 95 97 32
61 52 66 4 62 80 56 54
5 68 40 96 65 83 84 88 2 60 69
54 76 52 73 9 60 69 31
45 59 16 28 35 37 71 1 62 46 43 76
93 14 62 56 54 12 81 17
71 39 60 14 68 41 70 62 0 54 46 43 76
4 21 35 93 35 50 2 45 71
73 90 66 62 76 20 39 54 93
16 42 29 86 5 40 65
16 80 23 62 84 89 65 54
54 11 62 25 54 48 21 34 53 84 86
71 76 67 60 54 0 65 5 93
16 65 93 5 75 62 93 14 54 5 93 73 61 11 69
62 73 83 26 73 20 39 54 93
58 2 71 84 8 83 45 46 43 76
14 73 61 8 62 12 98 37 52 21 93 60
15 41 75 15 55 24 76 62
26 5 93 64 43 54 62 93
39 14 18 17 16 80 62 84 89 73 21 12
73 90 66 62 5 93
14 21 96 69 69 0 58 3 54 2 45 71
95 63 14 62
16 62 73 12 68 40 73 14 56
93 2 56 62 89 51 85 27 26 35 6 83 98
5 62 83 73 83 26 65 5
85 27 15 16 53 13 54
60 69 31 16 65 93 5 23 17 8 93 19 53 0 62 16 60 62 25 16
14 40 34 60 53 76 39 54 93 60 69 31
42 83 84 70 8 15 41 14 66 98 60
98 62 43 54 62 80 62 54
52 21 93 60 62 56 54 12 81
93 15 76 93 66 35 71 48 71 15
26 40 54 2 16 29 65 54 43 54 62 93 26 83 57 17 21
15 41 14 67 66 62 5 40 75 25 82
77 90 7 73 15 41 14 67 66 93 12
17 59 54 21 76 62 16 66 52 54
54 24 56 62 62 83 70 93 2 57 71 20 55 11
16 80 23 62 84 89 71 1 75 62 17 69 46 4 21 35 65 83 40 54 56 93
54 51 14 52
17 71 48 15 48 71 15 0 58 3 54 2 45 71
83 75 98 26
83 75 98 26 46
16 60 62 25 16
62 62 56 54
96 69 69 33 40 56 54 70 62 32 59 62
42 29 86 65 94 51 96 6 63 57 1 53 89
28 97 35 40 93 93 12 93 69 41 41 84 55 85 42 76 66 62 71
76 62 16 66 52 54 62 69 61
5 62 83 73 83 26 73 20 0 2 61 52 66 4
93 12 93 69 70 93 2 57 71 39 75 14 73 61 8
85 27 15 43 76 88 75 48 69 80
2 45 71 62 50 62 53 69 21
77 90 19 7 73 54 62 5 55 76 62
84 16 15 23 46 64 62 80 62 54
73 95 51 54 95 77 90 19 7 73
71 28 71 61 66 85 93 63 61 13 14 40 34 60 53
14 21 58 2 71 84 8 83 54 62 5 55 76 62
76 20 39 54 93 39 14 18 17
64 3 83 84 24 40 71 0 9 7 71 93 52 25 69
15 67 66 60 52 71 1 39
43 62 93 71 76 62 54 68 15 55 24 76
2 60 69 0 16 80 23 62 84 89
5 93 64
71 33 93 28 75 52 60 62 89 62 0 28
93 60 60 21 37 54 20 76 54 51
21 63 2 12 71 1 62
35 40 93 71 1 62
35 40 93 35 40 93 71 76 67 60 54
84 16 64
15 2 98 75 54 25 54 73 51 14 54 2 45
17 69 46 43 54 62 93 76 20 39 54 93
93 17 68 70 93 2 57 86 69 66 84 15 41 14 66 98 60
5 62 83 73 83 26 73 84 76 70 65 83 84 88
75 54 62 5 55 76 62
73 90 66 62 5 68 40 96 59 21 62
21 28 21 17 69 46 71 1 62
9 7 71 93 52 25 69
60 69 31 61 52 66 4 93 93 14 12 12 40
9 93 1 84 14 11 9 83 58 70 40 54 5
0 58 3 54 70 40 54
76 20 39 54 93
14 70 71 96 93 83 75 98 26
54 62 93 9 15 54 62 5 73 90 62
21 39 89 0 83 54 62 5 55 76 62
17 69 46 61 48 54
95 60 60 54 76 0 58 28 46 43 76 65 83 84 88
5 93 64 21 21 65 16 62 35 40 93
93 60 60 21 37 54 20 76
16 36 95 84 97 70 70 40 54 5 16 53 13 54
71 77 90 19 73 15 89 1 84 9 7 71 93 52 25 69
41 14 65 65 36 68 54 76 17 21
73 26 43 59 2 45 71 15 2 98 75 54 25 71 86 69 66 84
27 26 2 45 71 71 54 46 43 76
80 23 62 84 89
64 83 24 84 77 90 19 7 73
12 98 84 37 83 73 21 12
5 62 83 73 83 26 73 35 54
96 95 60 60 54 76
54 73 51 14 54
39 14 75 62 66 28 54 11 62 25 54
54 11 54 58 3 54 83 98 26 76 39 54
50 95 17
53 69 21 76 83
62 59 62 84 16 64 36
62 5 40 54 21 35 16 54 28 25
75 15 55 24 76 62
40 96 69 69 33 93 35 93
23 17 8 93 19 48 21 54 51 59 96 74 63 53 1 62
14 21 60 69 31 46 43 76
9 7 71 93 52 25 69 93 5 15
2 60 69 5 73 61 11 69
41 14 67 66 98 60 2 71 14 21
5 93 64 62 80 62 56 54 62 80 62 56 54
75 35 14 93 52 54 75 62
16 80 23 62 84 89
23 17 8 93 19 54 62 5
71 15 54 40 96 35 37 12 28 21
71 20 55 89 11 26 40 62 53 69 21
85 27 15 84 70 62 62 83 54 11 62 25 54
5 93 64 50
12 28 21 16 53 12 14 70 16 46 14 70 16 46
52 71 1 39 59 21 62 54 62 5 55 76 62 60 75 89
43 54 62 93 71 39 75 52 21 93 60
75 15 55 24 76 62 12 28 21
54 51 14 40 34 60 53 66 39 98 11 21 14 73 61 8
96 95 60 60 76 60 76 20 39 54 93
54 35 54 61 52 66 4 77 90 19 7 73
75 76 62 96 69 69
71 48 95 16 62 73
96 60 60 54 76 60 54 62 5 55 76 62
75 15 55 24 76 62
66 28 2 45 71 28 75 52 60 93 12 93 69
48 69 80 62 75 35 14 93 52 76 20 39 54 93 95 63 14 62
96 69 69 93 12 71 48 88 48 69 80 62
5 69 71 54 24 56 93 56 62 89 51
78 39 73 84
65 5 93 17 46 40 54 5 71
39 14 18 17 17 59 54 21 48 66 28 86 80
83 73 26 73 75 31 95 63 14 62 53 0 62
70 54 5 65 76 62 17 69 46 61 48 54 96 69 69
26 83 57 16
48 15 58 58 16 62 73
16 54 28 25 70 40 54 5 48 15 58 53 62 58
0 58 28 16 80 23 62 84 89
62 16 70 28 75 53 0 62 59 21 62 97 48 15 58 53 62 58
77 90 19 7 73 62 5 40 97
62 62 83 97 96 71 20 55 89 11
2 71 35 54 17 59 54 21
43 59 54 62 5 15 2 98 75 54 25
71 48 88 26 40 83 21 2 45 71
42 29 86 65 94 21 63 2 12 54 51
70 62 62 5 40 95 84 97 70
14 73 61 71 1 62 12 98 84 37
14 21 42 83 84 70 8
2 70 40 54 5 26 40
66 28 14 73 61 8 73 90 66 62
71 65 76 26 40 48 71 62 73 62 56 54 12 81
15 41 14 67 66 98 60
62 69 61 62 5 40 71
59 16 28 43 54 62 16 42 29 86 5 40 65 2 60 69
26 40 9 93 1 62 80 62 56 54 95 93 46 43 76
54 21 39 89 0 83
54 21 39 89 83 54 51 35 54
7 21 7 35 54 16 62 54 11 62 25 54
16 60 14 68 41 48 21 28 75 60
17 21 46 43 76 39 14 18 71 65 76 62
65 54 65 93 95 63 14 62
71 17 69 46 64 3 83 24 84 24
70 40 54 5 16 60 62 16 2 69
35 37 71 28 71 61 66 2 60 69
83 77 40 14 12 75 2 45 71 62 52 83 65
35 71 65 76 62 54 76 52 73 9
2 71 48 71 15 47 58 21 75 71 75 62 17 21
62 5 11 96 71 48 15 58 53 62 58
54 68
70 54 5 14 39 73 16 53 13 54 34 53 84 86
58 2 71 84 8 83 48 71 15
70 40 54 5 5 62 83 73 83 26 73
17 69 46 61 48 54 80 23 62 84 89
93 14 54 76 52 73 9 17 26 40 17 46
23 17 8 93 19 33 93 9 93 1 97 96 71 54 54 11 62 25 54
16 65 93 14 70 16 46
95 63 14 62 54 9 73 35 50
52 71 1 39 14 70 16 46 62 96 17 54 9 15
54 62 5 55 76 62 54 51
54 28 25 12 84 37 14
76 66 48 21 34 84 86
77 90 19 7 73 17 21 83 73 21 12
76 62 16 66 52 54 83 73 21 12
70 93 2 57
71 20 55 89 11 17 96 69 69
16 80 23 62 84
24 54 21 39 89 0 83
0 83 92 14 56 32 84 76 35 40 93
4 21 35 16 53 13 54 53 0 62
53 0 62
96 95 60 60 54 76 60 70 5 54 76 52 73 9
15 2 98 75 54 98 7 87 5 20 0 2 61
14 73 76 62 16 66 52 54 62 52 83 65 85 27 15 16 62 73
85 15 71 1 62 71 76 67 60 54 52 21 93 60
9 21 71 48 88 14 39 73 93 1
17 98
21 93 20 84 51 9 73
93 0 3 54 71 76 67 60 54 35 54
48 71 15 70 2 57 12 28 21
86 80 93 2 62 89 51
75 35 14 93 52 83 75 98 26 7 21 7 35 54
77 90 19 7 73 7 21 98 14 73 76 83
93 15 76 93 66 35 71
71 54 5 62 83 73 21 12
14 73 61 8 54 24 93 57 95 93 69 98 93
88 75 35 40 93 75 15 55 24 76 62
20 0 2 61 61 52 66 4 41 41 84 55 85 42 76 66 62 71
12 28 21 71 1 62 14 40 34 60 53 93 2 56 62 89 51
66 28 21
84 83 54 29 62 2 45 71 26 24 52 56 83 0
45 52 84 59 32 62
12 27 93 63 4 35
84 14 11 83 58 83 14 71 1 62 5 93 64
73 90 66 62 12 68 54 62 50
41 71 21 21 65
52 71 1 39 5 62 62 71
42 98 59 71 65 62 95 63 14 62 53 0 62 54 11 62 25 54
76 62 16 66 52 54
62 53 69 21 0 58 3 54 15 84 75 62 95 63 14 62
16 65 5 68 40 96 76 20 39 54 93 15 41 14 67 66
62 16 70 28 75 28 97
70 40 54 9 93 1 43 54 62 93 17
48 15 58 53 62 58 78 39 73 84 54 62 5
15 41 14 67 66 98 60 14 73 84 16 64 36
71 76 67 60 54 54 62 56 54 12 81
62 80 62 56 54 71 54 65 5 93
73 90 62 93 12 93 69 14 73 61 8
76 20 39 54 93
62 16 42 29 86 5 40 65 62 71 53 62
48 15 58 53 62 58 71 73 58 78 52
16 62 73 32 76 76 71 70 40 54 5 43 54 62 93 17 59 54 21
43 54 62 93 71 65 76 62
14 40 34 60 53 15 41 66 98 60 9
93 2 56 62 89 51 70 93 2 57
2 45 71 88 75 26 40 43 54 62 93
21 21 65 43 54 62 93 86 80
71 48 95 88 0 2 61 46 43 76
5 83 69 71 98 7 87 5 4 21 35
71 54 69 98 71 62 68
21 28 21 52 73 9 60 69 31 71
48 69 80 62 43 54 62 93 62 16 42 29 86 5 40 65
64 83 24 84 21 39 89 0 83
4 21 35 83 69 71 2 45 71
15 2 98 75 54 25 71 48 95 88 46 43 76
32 0 62 5 40
35 40 93 80 12 28 21 93 14
17 69 46 61 48 54 93 14
35 40 93 35 40 93
84 83 54 29 62 26 40 23 17 8 93 19
54 62 5 95 63 14 62 45 9 7 71 93 52 25 69
93 28 71 15 96 70 7 54 50 41 69
61 52 66 4 56 16 71 65 76 62
15 14 67 66 98 60 28 61 20 35 63
75 25 82 93 93 69 17 21
14 21 66 2 60 69 54 51 93 12 9 7 71 93 52 25 69
84 16 15 23 46 64 93 12 93 69
40 56 54 15 46 43 76
54 76 52 73 16 36 93 35 62 74 62 35 32 54
54 52 73 9 15 41 67 66
45 71 75 25 82 62 56 54 12 81 15 84
16 53 13 54 62 28 60
62 62 83 15 41 14 67 66 98 60 54 76 52 73 9 71 1 62
9 7 71 93 52 25 69 54 76 52 73
35 40 93 43 59
62 53 69 21 62 5 40 97 96 54 76 52 73 9
93 55 63 39 14 18 17
16 62 34 53 84 86 73 76 96 21 21 65
26 24 52 56 83 0 62 73 60 69 31
84 45 71 0 58 3 54 17 21 4 35 5 62 83 73 83 26 73
60 69 31 62 62 83
5 68 40 96
96 6 63 57 1 53 89 9 93 1 77 7 73
35 14 93 52 8 69 93 14 84 16 15 23 46 64 96
52 71 1 39 9 21 54 76 52 73 9 84 14
88 75 71 15
96 95 60 60 54 76 60
0 58 3 54 4 21 35 93 17 68 20 0 2 61 54 62 5
93 14 0 58 28 62 80 56 54
34 53 86 78 39 73 84 14 39 73 54 9 15
12 93 69 70 62 14 73 61 8
54 24 77 90 19 7 73 54 76 9 21 54 73 51 14 54
83 93 14 17 69 46 61 48 54
54 62 5 55 76 62 1 80 62 89 62 0 28
33 93 43 59 78 73 43 62 93
42 29 86 65 94 51
71 28 71 61 66 95 84 97 70
5 62 83 73 83 26 73 51 9 73
48 15 58 53 62 58
83 73 21 12 62 62 56 54
21 35 26 24 52 56 83 0 43 54 62 93 51 9 73
96 69 69 54 15 69 20 0 2 61
83 77 40 14 12 75 27 73 57 93 71 28 71 61 66
26 40 16 62 73 54 51 40 93 5 62 83 73 83 26 73
71 28 71 61 66 76 83
48 71 96 16 75 35 96 73 90 66 62
60 69 31 0 58 54 11 62 25 54
14 73
97 54 62 5 55 76 62 83 73 28 97 48 69 80 62
54 5 62 83 73 83 26 73
76 62 16 66 52 54 76 62 66 52 54 62 62 83
14 73 61 8 14 73 61 8
28 75 52 60 14 73 61 8
54 51 21 28 21 17 21 88 75
83 93 14 54 15 69 14 39 73 93 17 68 93 14 93 14 12 12 40
77 90 19 7 73 83 73 21 12
88 75
93 15 76 93 66 35 71 88 75 71 60 69 31
77 90 19 7 73 0 58 28 14 34 60 53
17 69 46 77 90 19 7 86 69 66 84
84 16 64 36
83 40 56 54 70 48 58 53 62 58 54 68
70 93 2 57 48 15 58 53 62 58 53 0 62
21 21 27 73 57 93 5 62 83 73 83 26 73 88 75
56 16 14 62 63 76 54 66 39 98 11
54 76 52 39 33
16 42 29 86 5 40 65 96 54 24 54 9 15
9 71 93 52 25 69 62 62 35 32 54
51 9 71 65 76 70 40 54 5
96 95 60 54 76 60 5 62 62
54 51 98 7 87 5 54 8 69 93 15 76 93 66 35 71 48 21
96 95 60 60 54 76 60 77 90 19 7 73
9 15
21 63 2 12 84 76 71 1 62
93 14 35 40 93 62 5 40 65 5 93
34 53 84 86 71 54 46 43 76
5 93 64 9 93 1 43 59
53 0 62 54 24 56
62 62 16 96 71 60 62 9 7 71 93 52 25 69
54 9 15 54 71 26 40 55 42 54 66 43
54 15 69 16 80 23 62 84 89 71
5 93 73 61 11 69 17 21 8 69 71 48 83 57
76 83 15 41 14 67 66 48 21 75 35 14 93 52
2 16 70 62 93 69 98 93
21 93 20 84 66 84 16 64 36
84 16 15 23 46 64 15 41 14 67 66 73 76 96
96 69 69 35 40 93
14 65 33 93
29 85 96 54 14 39 73 86 69 66 84 71 65 76 62
0 58 3 54 54 62
48 71 15 65 93 33 93 7 21 7 35 54
16 54 28 25 93 57 54 62 5 55 76 62
16 53 13 54 70 54 3 95 35 37
5 69 71 73 90 66 62 93 17 68 28
14 18 17 12 28 21
52 62 15 36 73 21 12
40 54 5 5 68 40 96
48 15 58 53 62 58 9 93 1 16 28 5 68 40 96
26 24 52 56 83 0
54 51 26 98 95 53 71 71 15 46 76 71 54 69 98 71 62 68
71 28 71 61 66 16 42 29 86 5 40 65
62 5 40 70 93 2 84 70 65 5 93
84 14 11 9 83 58 85 93 63 61 13 96 95 60 60 54 76 60
70 93 2 57 26 98 53 71 65 71 28 71 61 66
96 69 69 71 15
98 60 93 1 9 59
62 80 62 56 54 43 54 62 93
93 63
54 76 52 73 9 20 0 2 61
93 14 93 14 12 12 40 83 73 21 12
14 63 76 40 96 48 83 71 92 14 56 32
41 14 67 66 35 93 96 6 63 57 1 53 89
95 84 97 70 75 35 14 93 52
52 71 1 39 14 21 71 52 71 1 39 53 62
71 28 71 61 66 16 54 28 25 71 86 69 66 84
76 20 39 54 93 75 62
26 24 52 56 83 0 26 83 57 60 69 31
71 48 95 88 5 62 83 73 83 26 73 20 0 2 61
12 28 21 33 93 85 27 15
76 20 39 54 93 7 21 7 35 54
71 48 88 71 1 71 54 76 52 73 65 5 93
73 90 66 62 14 39 73
62 62 83 16 3 95 71 33 28 75 52 60
26 40 14 70 71 96 93 71
5 62 62 75 15 55 24 76 62 66 28 98 7 87 5 54
40 54 16 62 73
35 54 54 76 52 73 9 54 9 15
71 39 75 35 93 88 75
26 40 74 62 35 32 54 71 76 62
28 97 70 62 14 39 73
62 16 70 28 75 15 41 14 67 66
48 69 80 62 14 73 61 8
62 56 54 12 81
66 28 71 65 76 62
54 76 52 73 9 76 84 14 83 66 54 62 5 55 76 62
54 62 5
45 71 75 35 14 93 52 53 0 62
71 54 69 98 71 62 68 59 96 74 63 53 1 62 48 15 58 53 62 58
17 21 15 2 98 75 54 25
85 27 15 16 13 54
93 16 42 29 86 5 40 65
93 2 56 62 89 51 54 24 54 76
35 40 93 14 62 63 76 54
77 90 19 7 73 84 14 11 9 83 58
75 35 14 93 0 28
54 68 93 14
16 12 75 55 24 76
16 53 13 54 48 71 62 73
54 76 52 73 9 96 54 34 53 84 86
93 12 93 69 85 93 63 61 13
26 24 52 56 83 0 93 12 93 69
86 69 66 84 96 69 69
2 45 71 17 59 54 21
83 73 21 12 93 14
14 21 95 63 14 62 70 62 70 40 54 5
39 14 18 17 39 14 18 17
62 15 36 2 60 69 75 15 55 24 76 62
73 90 66 62 46 76 16 80 23 62 84 89
77 90 19 7 73 73 54 15 62
60 69 31 96 95 60 60 54 76 60
17 69 48 54 7 21 7 35 54 14 70 71 96 93
53 17 62 62 75 51 15 86 96 62 32 59 62 51
5 62 83 73 83 26 73 34 84 86 28 21
54 76 52 73 9 76 84 14 83 66
71 58 2 71 84 8 83 9 93 1
16 80 23 62 84 89 88 70 62 34 53 84 86
5 62 83 73 83 26 73 62 52 83 65 16 71
14 40 60 53 62 80 62 56 54 93 14
71 76 67 60 54 0 14 39 73 43 54 62 93
84 76 51 9 75 24 76 48 71 15 2 71 84 16 15 23 46 64
71 28 71 61 66 46 43 76
14 62 63 76 54 23 54 68 98 71 84 16 15 23 46 64
83 17 59 21 34 86 80
15 41 67 98 60 69
4 21 35 66 28 95 93 69 98 93
88 75 71 48 95 88
75 62 54 15 69 17 21 71 28 71 61 66
55 42 54 66 55 42 54 66
62 12 68 20 0 2 61 71 39 75
83 73 21 12 77 90 7 73 43 54 62 93 26 40
35 40 93 55 42 54 66
5 62 83 73 83 26 73 62 80 62 56 54
54 76 52 73 9
76 62 16 66 52 54 97 96 16 53 13 54
66 28 43 54 62 93
34 53 84 86 96 69 69 28 75 52 60
62 62 83 17 46 61 48 54 35 40 86 69 66 84
65 5 93 71 65 76 62
71 48 95 88 71 65 76 16 53 12 12 21
93 12 93 69 62 5 40 54 15 69 14 75 62
71 65 76 62 69 61 75 62 52 21 93 60 54 51
9 7 71 93 52 25 69
78 39 73 84 1 80 62 89 62 0 28
95 69 98 93 51 9
54 93 71 15 96 0 62
70 40 5 41 41 84 55 85 42 76 66 62 71 80 62 71 63 95 97 32
61 52 66 4 62 62 83 62 52 65
93 12 93 69 70 93 2 57 36 68 54 76
96 69 69 93 14 96 95 60 60 54 76 60
0 58 3 54 17 59 54 21 70 93 2 57
0 58 3 54 0 58 28
73 90 66 62 43 54 62 93
75 55 24 76 62 71 48 95 88
96 95 60 60 54 76 60
62 62 83 93 14 93 14 12 12 40 54 76 52 73 9
62 74 62 35 32 54 14
2 45 71 95 60 76 60 8 69
93 2 57 35 50 62 53 69 21
15 41 14 67 66 98 60 16 53 13 93 12 93 69 17 59 54 21
26 40 54 68 93 12 93 69 16 54 28 25
54 62 5 55 76 62
88 75
78 39 73 84 96 6 63 57 1 53 89
16 53 12 48 15 58 53 62 58
34 53 84 86 75 52 60 71
71 54 69 98 71 62 68 9 93 1
26 40 9 7 71 93 25 69 46 43 76 16 28 43 59
2 69 40 54 56 93
60 54 60 86 69 66
16 80 23 62 84 89 96 69 69 28 52 60 93 35
62 62 83 54 9 15 84 76 54 15 69
73 17 76 26 71 1 62
65 62
40 54 5 43 54 62
34 53 84 86 51 9 73 54 73 51 14 54
54 76
2 45 71 75 35 14 93 52 84 98
46 5 83 69 71 85 54 17 93
71 28 71 61 66 54 62 5 75
71 54 76 20 39 93 28 75 52 60
20 0 2 61 2 45 71
84 16 64 36
54 24 56 64 3 83 24 84 24 98 71 60 69 31
17 21 15 84 17 46 75 25 82 33 93
0 58 54 86 80 28 97 35 40 93 52 84 61 62 69 73
0 58 3 98 62 43 54 62
71 1 62 93 12 93 69 16 80 84 89
76 62 16 66 52 54
54 5 55 62 43 54 62 93 54 76 52 73 9 76 84 14 83
96 95 60 60 60 71 48 95 88 14 21
62 80 62 54 70 40 54 5 15 14 67 66 98 60
5 83 71 75 35 14 93 52 70
47 58 21 75 71 66 60 62 25
75 15 55 24 76 14 70 16 46
71 48 15 58 53 62 61 52 66 4 16 42 29 86 5 40 65
71 1 62 83 71 92 14 56 32
86 69 66 84 86 69 66 84
5 62 83 73 83 26 73 75 35 14 93 52
32 59 93 75 15 55 24 76 62
28 61 20 35 63 62 56 54 12 81
54 15 69 0 58 3 54
83 57 93 28 71 15 96 70 71 48 95 88
70 40 54 5 28 97 84 16 64 36
17 21 2 45 71 35 40 93 48 95 88
60 69 31 0
54 73 51 14 54
83 76 23 52 28
9 93 1 14 73 61 8 23 17 8 93 19
48 71 62 73 75 62
73 90 66 62
42 29 86 65 94 51 61 52 66 4 54 24 54 51 14 54
48 71 62 73 35 40 93 73 76 20 39 93
39 14 18 17 83 73 21 42 83 84 70 8
78 39 73 84 76 20 39 54 93 62 80 62 56 54
52 21 93 60 54 51 54 24 56 62 69 61
93 60 60 21 37 54 20 76
16 60 62 25 16 48 21 16 62 73
77 90 19 7 73 39 48 71 62 73
75 62 62 56 54 12 81 43 62 93
14 21 70 93 2 57 54 24 35 54 43
65 54 68 20
5 93 73 61 11 69 62 80 62 56 54
42 29 86 65 94 51
93 60 60 21 37 54 20 76
54 28 75 52 60 16 80 23 62 84 89
85 27 15 29 85 96 54
28 75 52 60 52 71 1 39 93 12 93 69
16 62 73 59 48 21 62 69 61 17 21
66 28 98 71
54 62 5 55 76 62 51 9 73
35 40 93 80 62 84 89 28 97 84 98 52 71 1 39
1 80 62 89 62 0 65 65 52 54 96 48 69 71 71
42 29 86 65 94 51
5 62
54 51 15 41 14 67 66 52 21 93 60 96 6 63 57 1 53 89
7 71 93 52 25 69
16 53 13 54 70 40 54 35 50
5 62 83 73 83 26 73
71 52 71 1 39
14 40 34 60 53
12 98 84 37 28 61 20 35 63 14 73 61 8
43 54 62 93 17 69 46 61 48 54
95 63 14 62 65 5 93 23 17 8 93 19
62 80 62 56 54 62 69 61
96 69 69 41 71 96 69 69
54 62 5 14 39 73 96 95 60 60 54 76 60
48 21 48 15 58 53 62 58 9 93 1 14 73
16 65 93 17 21 73 90 66 62
17 69 61 48 54 59 96 74 63 53 1 62
83 62 80 62 56 54
16 62 73 60 69 31
96 69 69 73 90 66 62 28 61 20 35 63
47 58 21 75 71 54 9 15
5 93 73 61 11 69 2 45 71
71 93 28 71 15 96 70 45 52 84 59 32 62
95 63 14 62 21 54 11 62 25 54
28 75 52 60 93 12 42 83 84 8 75 15 55 24 76 62
55 42 66 5 62 83 73 83 26 73 60 69 31
5 93 64 54 69
54 21 39 89 0 83 62 32 59 62 15 41 14 67 66 98 60
16 83 75 98 26 4 21 35 76 16 66 52
54 32 28 79 57
2 71 71 54 51 60 69 31 54 21 39 89 0 83
76 62 16 52 54 52 21 93 60
83 73 21 12 88 62 5 55 76 62
1 80 62 62 0 28 68
16 53 13 54 86 80 85 27 15
64 3 83 24 84 24 86 80 73 76 96
48 71 15 93 12 93 69 95 93 69 98 93
62 5 40 9 93 1 54 62 5 55 76 62
54 11 62 25 54 71 54 62 62 83
35 40 93 52 84 61 62 69 62 53 69
33 93 71 1 62 5 62 83 73 83 26 73
5 93 64 41 14 67 98 54
84 16 64 36 14 70 16 46 15 84 89 1 84
36 54 76 43 54 62 93 75 15 55 24 76 62
16 80 23 62 84 89
20 0 2 61 14 40 34 60 53
16 42 29 86 5 40 65 12
33 93 73 61 8 60 62 25
73 17 76 26 84 16 15 23 46 96 60 60 54 76
0 95 63 14 62
42 29 86 65 51 14 25 28 69
