54430		27
53351		53
51911		112
42902		21
38714		2
35126		98
33748		57
30066		113
29526		81
29159		27 53
25131		128
24403		52
21461		172
21139		157
20842		7
20813		5
20265		21 98
19316		76
18970		112 157
18695		165
18525		106
17037		1
16998		200
16261		3
15637		174
15134		7 200
14559		4
14333		228
14142		130
14136		53 174
13793		106 112
13280		94
13146		51
12981		309
12708		151
12472		158
12125		29
12014		173
11697		13
11689		100
11401		351
11218		349
11093		3 4
10962		83
10831		107
10425		15
9975		18
9880		65
9860		53 172
9798		153
9760		780
9752		172 173
9590		27 165
9532		112 113
9512		272
9505		13 15 18
9505		15 18
9505		13 18
9505		13 15
9402		322
9326		177
9180		193
9146		415
9120		706
9119		82
8447		114
8385		66
8334		98 112
8295		21 112
8234		50
8205		49
8189		51 53
8185		123
8153		53 165
8045		9
8001		707
8000		63
7816		53 173
7793		115
7609		57 112
7592		1 2
7587		36
7561		1 4
7559		368
7381		80
7294		27 53 165
7216		46
7205		160
7141		277
7051		378
6959		21 98 112
6944		268
6910		129
6899		697
6892		114 115
6874		105
6850		2 3
6777		178
6763		508
6751		149
6598		53 172 173
6573		1 3
6478		152
6436		53 415
6418		144
6413		81 158
6396		1 3 4
6391		57 128
6391		27 51
6351		44
6282		53 351
6273		426
6207		38
6193		530
6137		332
6123		374
6115		164
6107		30
6032		146
6022		27 53 697
6022		53 697
6022		27 697
5955		175
5951		172 173 175
5951		173 175
5951		172 175
5882		44 112
5871		37
5816		2 3 4
5816		2 4
5802		106 112 113
5802		106 113
5772		113 780
5714		2 53
5653		53 780
5635		236
5596		27 415
5567		61
5496		27 53 415
5465		17
5399		27 780
5253		88
5197		27 172
5185		166
5182		2 309
5166		335
5130		290
5102		27 51 53
5100		120
5093		27 53 172
5075		190
5048		224
5046		316
5023		12
5021		81 112
5017		2 5
4997		69
4984		2 277
4953		144 201
4953		201
4944		27 53 780
4944		31
4932		658
4884		232
4857		53 174 351
4857		174 351
4797		209
4771		494
4764		327
4763		573
4735		1 2 3
4734		126
4732		52 106
4722		2 228
4673		189
4666		109
4632		27 113
4627		262
4622		33
4609		1 2 3 4
4609		1 2 4
4555		385
4551		78 80
4551		78
4543		53 172 173 174
4543		172 173 174
4543		53 173 174
4543		53 172 174
4543		173 174
4543		172 174
4491		57 157
4461		78 79 80
4461		79 80
4461		78 79
4461		79
4460		53 113
4441		172 178
4388		57 177
4341		486
4309		126 128
4309		214
4302		294
4283		272 349
4267		295
4238		227
4165		384
4147		482
4143		463
4132		1311
4129		2330
4102		328
4075		257
4073		27 57
4054		341
4050		202
4045		108
4005		112 190
3998		810
3974		61 257
3968		53 172 173 175
3968		53 173 175
3968		53 172 175
3968		53 175
3958		53 113 780
3921		58
3902		355
3878		289
3854		4 29
3829		112 177
3825		545
3816		17 32
3816		171
3816		32
3807		27 98
3806		53 174 351 352
3806		174 351 352
3806		53 351 352
3806		53 174 352
3806		351 352
3806		174 352
3806		53 352
3806		352
3804		284
3801		53 57
3751		271
3744		444
3733		272 349 350
3733		349 350
3733		272 350
3733		350
3704		27 113 780
3698		31 33
3696		165 172
3655		308
3644		103
3630		21 157
3621		1354
3608		43
3604		376
3577		2 153
3540		1354 1998
3540		1998
3534		127
3534		117
3516		572
3507		27 351
3501		549
3499		165 271
3470		207
3448		2 53 277
3448		53 277
3440		27 173
3389		225
3376		21 57
3364		483
3360		63 109
3358		301
3357		7 658
3352		407
3347		57 2330
3341		243
3324		127 129 130
3324		129 130
3324		127 130
3324		127 129
3317		27 53 113
3293		112 158
3289		57 112 157
3273		27 53 173
3270		689
3267		83 225
3265		157 177
3252		27 100
3252		25
3249		27 53 113 780
3249		197
3242		27 1311
3238		1026
3213		1 309
3211		24
3209		372
3202		219
3183		63 108
3178		601
3176		605
3171		170
3166		81 112 158
3165		53 171
3160		347
3155		94 374
3150		94 384 1996
3150		384 1996
3150		94 1996
3150		94 384
3150		1996
3130		876
3126		210
3119		165 706
3112		105 112
3109		519
3108		520
3107		519 520
3084		52 53
3063		131
3056		63 108 109
3056		108 109
3052		83 225 706 791
3052		225 706 791
3052		83 706 791
3052		83 225 791
3052		83 225 706
3052		706 791
3052		225 791
3052		225 706
3052		113 172
3052		83 791
3052		83 706
3052		791
3045		299
3044		172 697
3043		27 151
3040		371
3035		57 1026
3026		128 573
3018		107 113
2992		311
2980		1 5
2958		324
2940		463 494
2914		154
2908		98 130
2908		145
2907		133
2894		465
2870		231
2861		351 494
2860		144 193 201
2860		193 201
2860		144 193
2852		27 53 697 780
2852		53 697 780
2852		27 697 780
2852		697 780
2851		7 76 200 658
2851		76 200 658
2851		7 200 658
2851		7 76 658
2851		7 76 200
2851		200 658
2851		76 658
2851		76 200
2851		7 76
2851		5 145
2836		153 277
2783		266
2761		53 444
2757		76 158
2754		113 114
2748		2 236
2746		228 277
2739		172 549
2731		52 349
2727		36 38
2722		27 130
2718		183
2717		3 5
2714		171 172 173
2714		171 173
2714		171 172
2712		27 53 165 697
2712		53 165 697
2712		27 165 697
2712		165 697
2709		247
2708		52 385
2704		313
2692		27 53 165 172 697
2692		53 165 172 697
2692		27 165 172 697
2692		27 53 172 697
2692		27 53 165 172
2692		165 172 697
2692		53 172 697
2692		53 165 172
2692		27 172 697
2692		27 165 172
2692		2 27
2690		5 149
2687		27 120
2672		341 444
2663		27 69
2662		81 177
2651		155
2651		138
2643		71
2634		512
2626		57 272
2612		322 347
2607		165 271 705
2607		271 705
2607		165 705
2607		705
2596		53 98
2588		110 111
2588		111
2588		110
2570		64
2561		511
2547		1034
2536		169
2515		150
2512		3 4 5
2512		4 5
2509		2 81
2502		283
2492		425
2488		5 146
2480		53 172 173 174 175
2480		172 173 174 175
2480		53 173 174 175
2480		53 172 174 175
2480		173 174 175
2480		172 174 175
2480		53 174 175
2480		174 175
2480		98 174
2468		327 328
2452		29 152
2451		2 63
2434		759
2428		21 112 157
2420		1 3 5
2416		546
2412		501
2411		27 69 71
2411		69 71
2411		27 71
2395		30 128
2386		541
2384		243 284
2371		6
2369		1 2 3 4 5
2369		2 3 4 5
2369		1 3 4 5
2369		1 2 4 5
2369		1 2 3 5
2369		2 4 5
2369		2 3 5
2369		1 4 5
2369		1 2 5
2369		240
2353		325
2352		4 426
2348		239
2344		118
2343		27 53 113 697 780
2343		53 113 697 780
2343		27 113 697 780
2343		27 53 113 697
2343		113 697 780
2343		53 113 697
2343		27 113 697
2343		113 697
2335		27 483
2332		53 151
2328		75
2325		143
2324		149 207
2321		98 172
2321		135
2313		53 130
2310		112 160
2290		25 27
2288		27 53 511
2288		53 511
2288		27 511
2284		2 49
2284		1076
2281		59
2279		287
2271		112 164
2266		132
2265		128 130
2259		112 113 190
2259		113 190
2258		53 100
2253		368 707
2245		760
2244		45
2242		27 53 57
2232		31 33 113
2232		33 113
2232		31 113
2228		53 341 444
2228		53 341
2223		247 332
2218		243 283 284
2218		283 284
2218		243 283
2213		21 130
2208		113 114 115
2208		113 115
2206		2 21
2201		11
2200		165 271 705 706
2200		271 705 706
2200		165 705 706
2200		165 271 706
2200		705 706
2200		271 706
2199		104
2195		52 64
2194		267
2190		58 112
2184		27 484
2184		484
2178		21 52
2172		45 46
2170		76 112
2169		157 197
2159		21 98 112 157
2159		98 112 157
2159		21 98 157
2159		98 157
2149		51 294
2144		2 228 277
2143		166 530
2140		2 27 53
2140		447
2136		81 112 157
2136		98 106
2136		81 157
2133		172 173 178
2133		173 178
2133		74
2132		27 53 113 172 780
2132		53 113 172 780
2132		27 113 172 780
2132		27 53 172 780
2132		27 53 113 172
2132		113 172 780
2132		53 172 780
2132		53 113 172
2132		27 172 780
2132		27 113 172
2132		172 780
2130		80 332
2128		5 149 151
2128		149 151
2128		5 151
2126		730
2122		363
2120		9 289
2120		403
2120		167
2118		2 153 277
2116		106 107
2114		27 103
2105		351 463
2104		53 81
2099		244
2092		53 128
2087		57 157 177
2085		887
2074		449
2072		53 311
2071		128 151
2063		53 171 172 173 174
2063		171 172 173 174
2063		53 171 173 174
2063		53 171 172 174
2063		53 171 172 173
2063		171 173 174
2063		171 172 174
2063		112 157 177
2063		53 171 174
2063		53 171 173
2063		53 171 172
2063		171 174
2060		127 128 129 130
2060		128 129 130
2060		127 128 130
2060		127 128 129
2060		128 129
2060		127 128
2057		246
2055		27 53 172 173
2055		27 172 173
2050		27 104
2045		117 118
2038		112 810
2034		541 706
2032		27 167
2015		413
2009		53 228
1988		53 214
1982		749
1974		5 152
1970		52 113
1961		125
1959		1719
1952		44 112 113
1952		44 113
1951		149 150
1948		804
1944		27 483 484
1944		483 484
1940		27 53 483 484
1940		53 483 484
1940		27 53 484
1940		27 53 483
1940		53 484
1940		53 483
1936		98 100
1936		923
1934		112 157 189
1934		157 189
1934		112 189
1933		51 174
1928		453
1917		65 69
1914		3 236
1907		43 804
1906		3 29
1902		370
1894		2 53 228 277
1894		107 112 113
1894		53 228 277
1894		2 53 228
1894		107 112
1894		238
1887		164 193
1884		920
1880		433
1879		456
1876		52 166
1874		113 810
1872		530 605
1871		27 107
1869		57 172
1865		312
1861		561
1860		3 4 236
1860		4 236
1847		53 98 171
1847		98 171
1847		57 81
1838		629
1834		51 53 174
1825		50 133
1824		750
1820		27 689
1817		281
1815		82 706
1815		176
1813		230
1802		27 165 483
1802		165 483
1800		162
1798		29 335
1792		152 426
1788		21 197
1785		27 53 173 1311
1785		53 173 1311
1785		27 173 1311
1785		27 53 1311
1785		173 1311
1785		53 1311
1781		130 341
1778		53 177
1776		98 173
1774		52 65
1773		21 106 112
1773		52 76
1773		21 106
1772		670
1772		14
1767		5 160
1766		52 65 106 166
1766		65 106 166
1766		52 106 166
1766		52 65 166
1766		52 65 106
1766		106 166
1766		65 166
1766		65 106
1766		336
1764		57 112 2330
1764		112 2330
1764		29 426
1761		200 876
1760		81 172
1755		130 707
1753		14 17
1749		52 98
1748		184
1747		59 60 62
1747		60 62
1747		59 62
1747		59 60
1747		62
1747		60
1746		412
1745		874
1740		61 66
1733		351 463 494
1729		1 29
1725		27 53 151
1724		27 63
1724		21 80
1722		5 145 146
1722		145 146
1721		57 112 177
1721		100 101
1721		101
1718		730 1718 1719
1718		1718 1719
1718		730 1719
1718		730 1718
1718		1718
1718		116
1717		1 4 29
1711		820
1711		551
1710		172 193
1708		53 153
1707		323
1704		965
1699		27 109
1695		773
1691		138 200
1690		25 27 103
1690		25 103
1689		112 371
1688		53 98 174
1688		112 128
1687		129 154
1687		1429
1684		3 4 29
1684		400
1682		266 385
1681		25 27 103 104
1681		27 103 104
1681		25 103 104
1681		25 27 104
1681		103 104
1681		25 104
1676		56
1675		7 76 200 658 876
1675		76 200 658 876
1675		7 200 658 876
1675		7 76 658 876
1675		7 76 200 876
1675		200 658 876
1675		76 658 876
1675		76 200 876
1675		7 658 876
1675		7 200 876
1675		7 76 876
1675		658 876
1675		76 876
1675		7 876
1673		174 444
1669		174 341 444
1669		174 341
1667		612
1665		228 378
1661		979
1661		203
1657		500
1652		100 230
1651		27 165 484
1651		165 484
1644		36 37
1643		130 169
1643		470
1642		211
1638		21 98 106 112
1638		98 106 112
1638		21 98 106
1638		27 449
1634		961
1634		8
1632		53 174 214
1632		174 214
1628		502
1624		951
1623		5 144
1621		374 760
1621		330
1620		333
1618		80 313
1617		80 313 332
1617		313 332
1612		847
1610		112 213
1610		213
1608		256
1607		105 612
1606		222
1598		27 53 130 511
1598		53 130 511
1598		27 130 511
1598		27 53 130
1598		130 511
1598		866
1595		95
1590		27 53 120
1590		53 120
1588		53 174 341 444
1588		53 174 444
1588		53 174 341
1587		144 193 201 202
1587		193 201 202
1587		144 201 202
1587		144 193 202
1587		106 114 115
1587		57 112 1026
1587		201 202
1587		193 202
1587		144 202
1587		112 1026
1587		106 115
1587		106 114
1587		81 378
1587		445
1585		112 113 114 115
1585		112 114 115
1585		112 113 115
1585		112 113 114
1585		112 115
1585		112 114
1583		165 780
1583		1936
1580		871
1579		107 530
1578		734
1577		3 340
1577		340
1570		299 325
1569		57 94
1563		76 144 201
1563		76 201
1563		76 144
1563		27 38
1559		5 277
1559		307
1555		119
1554		2 53 153 277
1554		53 153 277
1554		2 53 153
1551		52 64 113
1551		64 113
1550		50 113
1549		25 53
1546		128 309
1544		57 129
1542		51 128
1539		27 494
1537		272 629
1536		27 444
1532		391
1530		2 151
1525		100 545
1524		27 679
1524		679
1523		719
1520		131 203
1519		5 149 150
1519		69 335
1519		5 150
1516		193 385
1515		596
1514		27 53 165 780
1514		53 165 780
1514		27 165 780
1514		620
1513		27 53 151 165
1513		53 151 165
1513		27 151 165
1513		151 165
1513		51 88
1512		53 123
1512		1892
1510		52 400
1510		251
1510		90
1506		353
1501		36 37 38 39
1501		37 38 39
1501		36 38 39
1501		36 37 39
1501		36 37 38
1501		38 39
1501		37 39
1501		37 38
1501		36 39
1501		39
1497		57 130
1496		264
1495		2 27 165
1495		2 165
1493		21 144 201
1493		21 201
1493		21 144
1493		630
1493		536
1488		27 53 172 173 175
1488		27 172 173 175
1488		27 53 173 175
1488		27 53 172 175
1488		27 173 175
1488		27 172 175
1488		27 53 175
1488		27 175
1488		338
1487		601 710
1487		81 706
1487		710
1486		52 164
1473		27 53 113 165 172 697 780
1473		53 113 165 172 697 780
1473		27 113 165 172 697 780
1473		27 53 165 172 697 780
1473		27 53 113 172 697 780
1473		27 53 113 165 697 780
1473		27 53 113 165 172 780
1473		27 53 113 165 172 697
1473		113 165 172 697 780
1473		53 165 172 697 780
1473		53 113 172 697 780
1473		53 113 165 697 780
1473		53 113 165 172 780
1473		53 113 165 172 697
1473		27 165 172 697 780
1473		27 113 172 697 780
1473		27 113 165 697 780
1473		27 113 165 172 780
1473		27 113 165 172 697
1473		27 53 172 697 780
1473		27 53 165 697 780
1473		27 53 165 172 780
1473		27 53 113 172 697
1473		27 53 113 165 780
1473		27 53 113 165 697
1473		27 53 113 165 172
1473		165 172 697 780
1473		113 172 697 780
1473		113 165 697 780
1473		113 165 172 780
1473		113 165 172 697
1473		53 172 697 780
1473		53 165 697 780
1473		53 165 172 780
1473		53 113 172 697
1473		53 113 165 780
1473		53 113 165 697
1473		53 113 165 172
1473		27 172 697 780
1473		27 165 697 780
1473		27 165 172 780
1473		27 113 172 697
1473		27 113 165 780
1473		27 113 165 697
1473		27 113 165 172
1473		27 53 113 165
1473		172 697 780
1473		165 697 780
1473		165 172 780
1473		113 172 697
1473		113 165 780
1473		113 165 697
1473		113 165 172
1473		53 113 165
1473		27 113 165
1473		113 165
1471		21 57 157
1471		770
1471		604
1468		81 385
1465		27 128
1464		209 224
1464		838
1462		494 689
1459		511 689
1456		749 750
1455		57 106 112
1455		57 106
1455		41 42
1455		42
1455		41
1454		590
1453		380
1453		179
1452		293
1450		184 293
1445		131 132
1445		571
1444		21 228
1443		128 151 407
1443		151 407
1443		128 407
1442		27 53 128
1442		52 81
1440		3 94
1433		318
1433		89
1431		52 193
1429		3 4 38
1429		4 38
1429		3 38
1428		128 572
1425		27 53 351
1420		284 324 491
1420		324 491
1420		284 491
1420		284 324
1420		491
1416		100 706
1412		53 174 177
1412		174 177
1411		27 165 483 484
1411		165 483 484
1407		27 53 165 483 484
1407		53 165 483 484
1407		27 53 165 484
1407		27 53 165 483
1407		53 165 484
1407		53 165 483
1407		21 172
1406		57 81 112
1406		27 63 109
1406		622
1404		21 341
1401		147
1396		98 228
1395		76 177
1391		21 202
1389		198
1388		52 322
1387		633
1385		53 98 171 172 173 174
1385		98 171 172 173 174
1385		53 98 172 173 174
1385		53 98 171 173 174
1385		53 98 171 172 174
1385		53 98 171 172 173
1385		98 172 173 174
1385		98 171 173 174
1385		98 171 172 174
1385		98 171 172 173
1385		53 98 173 174
1385		53 98 172 174
1385		53 98 172 173
1385		53 98 171 174
1385		53 98 171 173
1385		53 98 171 172
1385		98 173 174
1385		98 172 174
1385		98 172 173
1385		98 171 174
1385		98 171 173
1385		98 171 172
1385		53 98 173
1385		53 98 172
1382		21 170
1380		847 950
1380		950
1379		81 83
1379		27 65
1378		221 222
1378		221
1376		27 500
1376		2036
1375		661
1372		161 162
1372		158 368
1372		161
1367		2 65
1367		867
1366		2 128
1366		408
1365		193 238
1361		2 3 4 236
1361		2 4 236
1361		2 3 236
1358		130 341 342
1358		341 342
1358		130 342
1358		342
1356		285
1355		495
1354		70
1353		53 979
1350		106 112 160 488
1350		112 160 488
1350		106 160 488
1350		106 112 488
1350		106 112 160
1350		160 488
1350		112 488
1350		106 488
1350		106 160
1350		488
1348		106 112 113 190
1348		106 113 190
1348		106 112 190
1348		106 190
1348		83 541
1347		21 144 193 201
1347		21 193 201
1347		21 144 193
1347		21 193
1345		88 128
1344		297
1342		862
1341		27 53 103
1341		53 103
1341		8 74
1341		635
1339		52 1076
1336		21 177
1330		2 7
1327		434
1323		865 866
1323		865
1321		236 309
1320		177 407
1317		29 152 426
1316		27 100 101 120
1316		100 101 120
1316		27 101 120
1316		27 100 120
1316		27 100 101
1316		128 294
1316		101 120
1316		100 120
1316		27 101
1315		126 128 130
1315		126 130
1315		890
1313		52 193 385
1311		27 193
1310		57 81 112 177
1310		81 112 177
1310		57 81 177
1307		48
1306		53 81 174
1306		81 174
1306		27 112
1305		98 463
1305		1366
1301		82 83
1299		250 251
1299		250
1297		27 178
1293		1219
1291		52 349 496
1291		349 496
1291		52 496
1291		496
1288		61 66 257
1288		158 166
1288		76 193
1288		66 257
1288		397
1286		27 53 104
1286		53 104
1285		4 335
1280		2 243 283 284
1280		112 177 407
1280		2 283 284
1280		2 243 284
1280		2 243 283
1280		112 407
1280		2 284
1280		2 283
1280		2 243
1276		228 463
1273		2 546
1269		81 210
1269		1994
1268		533
1267		27 53 100
1266		609
1266		574
1264		131 144 201 203
1264		144 201 203
1264		131 201 203
1264		131 144 203
1264		131 144 201
1264		201 203
1264		144 203
1264		131 201
1264		131 144
1264		552
1262		128 508
1261		2 13 15 18
1261		2 15 18
1261		2 13 18
1261		2 13 15
1261		2 18
1261		2 15
1261		2 13
1259		53 109
1258		17 32 57
1258		32 57
1258		21 308
1258		17 57
1258		547
1258		526
1257		159
1255		2 5 53
1255		5 53
1254		269
1253		51 52 53
1253		51 52
1251		81 112 157 158
1251		112 157 158
1251		81 157 158
1251		157 158
1250		2 5 53 277
1250		53 57 128
1250		5 53 277
1250		2 5 277
1247		193 211 238
1247		211 238
1247		193 211
1247		143 146
1246		508 773
1245		123 173
1244		46 328
1244		582
1243		27 53 415 697 2237 2238
1243		53 415 697 2237 2238
1243		27 415 697 2237 2238
1243		27 53 697 2237 2238
1243		27 53 415 2237 2238
1243		27 53 415 697 2238
1243		27 53 415 697 2237
1243		415 697 2237 2238
1243		53 697 2237 2238
1243		53 415 2237 2238
1243		53 415 697 2238
1243		53 415 697 2237
1243		27 697 2237 2238
1243		27 415 2237 2238
1243		27 415 697 2238
1243		27 415 697 2237
1243		27 53 2237 2238
1243		27 53 697 2238
1243		27 53 697 2237
1243		27 53 415 2238
1243		27 53 415 2237
1243		27 53 415 697
1243		697 2237 2238
1243		415 2237 2238
1243		415 697 2238
1243		415 697 2237
1243		53 2237 2238
1243		53 697 2238
1243		53 697 2237
1243		53 415 2238
1243		53 415 2237
1243		53 415 697
1243		27 2237 2238
1243		27 697 2238
1243		27 697 2237
1243		27 415 2238
1243		27 415 2237
1243		27 415 697
1243		27 53 2238
1243		27 53 2237
1243		2237 2238
1243		697 2238
1243		697 2237
1243		415 2238
1243		415 2237
1243		415 697
1243		239 240
1243		53 2238
1243		53 2237
1243		27 2238
1243		27 2237
1243		2238
1243		2237
1242		2 98
1241		386
1239		51 57
1239		329
1237		5 143 146
1237		65 546
1237		5 143
1235		112 128 157
1235		128 157
1231		21 378
1230		57 707
1229		27 65 69 70 71
1229		65 69 70 71
1229		27 69 70 71
1229		27 65 70 71
1229		27 65 69 71
1229		27 65 69 70
1229		69 70 71
1229		65 70 71
1229		65 69 71
1229		65 69 70
1229		27 70 71
1229		27 69 70
1229		27 65 71
1229		27 65 70
1229		27 65 69
1229		70 71
1229		69 70
1229		65 71
1229		65 70
1229		27 70
1227		5 147
1226		151 309
1224		76 144 193 201
1224		76 193 201
1224		76 144 193
1220		687
1219		1 4 335
1219		1 335
1217		27 447
1216		382
1215		24 465
1214		112 157 189 190
1214		157 189 190
1214		112 189 190
1214		112 157 190
1214		189 190
1214		157 190
1213		83 94
1210		126 127 128 129 130
1210		126 128 129 130
1210		126 127 129 130
1210		126 127 128 130
1210		126 127 128 129
1210		126 129 130
1210		126 128 129
1210		126 127 130
1210		126 127 129
1210		126 127 128
1210		126 129
1210		126 127
1208		1034 1219
1207		1198
1206		1 2 309
1206		663
1202		21 57 157 177 197
1202		57 157 177 197
1202		21 157 177 197
1202		21 57 177 197
1202		21 57 157 197
1202		21 57 157 177
1202		157 177 197
1202		57 177 197
1202		57 157 197
1202		21 177 197
1202		21 157 197
1202		21 157 177
1202		21 57 197
1202		21 57 177
1202		177 197
1202		57 197
1202		52 308
1201		128 773
1197		76 106 112 487
1197		106 112 487
1197		76 112 487
1197		76 106 487
1197		76 106 112
1197		112 487
1197		106 487
1197		76 487
1197		76 106
1197		487
1196		830
1195		152 227
1192		106 107 112 113
1192		2 27 53 165
1192		106 107 113
1192		106 107 112
1192		53 311 415
1192		45 46 47
1192		3 4 335
1192		2 53 165
1192		311 415
1192		46 47
1192		45 47
1192		3 335
1192		47
1191		3 426
1189		191
1187		27 38 494
1187		38 494
1186		27 53 511 689
1186		53 511 689
1186		27 511 689
1186		27 53 689
1186		53 689
1186		27 191
1184		52 81 385
1183		75 113
1182		27 69 71 191
1182		69 71 191
1182		27 71 191
1182		27 69 191
1182		71 191
1182		69 191
1182		437
1180		52 64 75 113 780
1180		64 75 113 780
1180		52 75 113 780
1180		52 64 113 780
1180		52 64 75 780
1180		52 64 75 113
1180		75 113 780
1180		64 113 780
1180		64 75 780
1180		64 75 113
1180		52 113 780
1180		52 75 780
1180		52 75 113
1180		52 64 780
1180		52 64 75
1180		75 780
1180		64 780
1180		64 75
1180		52 780
1180		52 75
1180		645
1179		170 707
1178		302
1175		27 51 53 697
1175		51 53 697
1175		27 51 697
1175		51 697
1175		1218
1173		27 53 444
1173		189 335
1171		52 81 210 385 572
1171		81 210 385 572
1171		52 210 385 572
1171		52 81 385 572
1171		52 81 210 572
1171		52 81 210 385
1171		210 385 572
1171		81 385 572
1171		81 210 572
1171		81 210 385
1171		52 385 572
1171		52 210 572
1171		52 210 385
1171		52 81 572
1171		52 81 210
1171		385 572
1171		210 572
1171		210 385
1171		81 572
1171		52 572
1171		52 210
1171		223
1169		914
1168		288
1164		200 262
1163		839
1161		100 545 706
1161		545 706
1160		316 415
1159		158 316 368 443
1159		316 368 443
1159		158 368 443
1159		158 316 443
1159		158 316 368
1159		368 443
1159		316 443
1159		316 368
1159		158 443
1159		158 316
1159		443
1158		396
1157		21 351
1156		112 113 157
1156		113 157
1156		88 633
1156		49 80
1156		9 57
1155		354
1154		13 376
1147		27 114
1147		242
1146		988
1145		21 100
1145		2 867
1144		5 149 152
1144		149 152
1143		53 113 174
1143		113 174
1141		454
1139		27 53 447
1139		53 447
1138		83 225 541 706 791
1138		225 541 706 791
1138		83 541 706 791
1138		83 225 541 791
1138		83 225 541 706
1138		541 706 791
1138		225 541 791
1138		225 541 706
1138		83 541 791
1138		83 541 706
1138		83 225 541
1138		541 791
1138		225 541
1137		81 106 112 158
1137		106 112 158
1137		81 106 158
1137		81 106 112
1137		106 158
1137		81 106
1137		51 130
1135		1366 2035 2036
1135		2035 2036
1135		1366 2036
1135		1366 2035
1135		2035
1133		862 863
1133		863
1132		27 53 311
1132		76 202
1132		27 311
1129		27 53 151 165 979
1129		5 145 149 150 151
1129		145 149 150 151
1129		53 151 165 979
1129		27 151 165 979
1129		27 53 165 979
1129		27 53 151 979
1129		5 149 150 151
1129		5 145 150 151
1129		5 145 149 151
1129		5 145 149 150
1129		151 165 979
1129		149 150 151
1129		145 150 151
1129		145 149 151
1129		145 149 150
1129		53 165 979
1129		53 151 979
1129		27 165 979
1129		27 151 979
1129		27 53 979
1129		5 150 151
1129		5 145 151
1129		5 145 150
1129		5 145 149
1129		165 979
1129		151 979
1129		150 151
1129		145 151
1129		145 150
1129		145 149
1129		83 100
1129		27 979
1128		25 27 53
1128		57 202
1126		1 3 4 335
1126		1 3 335
1126		139
1124		113 605
1124		634
1123		634 635
1123		563
1122		5 145 146 147
1122		145 146 147
1122		5 146 147
1122		5 145 147
1122		146 147
1122		145 147
1122		7 65
1122		2199
1121		401
1120		87
1118		308 322
1117		113 172 173 175
1117		113 173 175
1117		113 172 175
1117		113 172 173
1117		113 175
1117		113 173
1116		228 351 463
1116		228 351
1115		53 81 174 177
1115		81 174 177
1115		53 81 177
1115		49 322
1114		1367
1111		27 53 415 780 1993 1994
1111		53 415 780 1993 1994
1111		27 415 780 1993 1994
1111		27 53 780 1993 1994
1111		27 53 415 1993 1994
1111		27 53 415 780 1994
1111		27 53 415 780 1993
1111		415 780 1993 1994
1111		53 780 1993 1994
1111		53 415 1993 1994
1111		53 415 780 1994
1111		53 415 780 1993
1111		27 780 1993 1994
1111		27 415 1993 1994
1111		27 415 780 1994
1111		27 415 780 1993
1111		27 53 1993 1994
1111		27 53 780 1994
1111		27 53 780 1993
1111		27 53 415 1994
1111		27 53 415 1993
1111		27 53 415 780
1111		780 1993 1994
1111		415 1993 1994
1111		415 780 1994
1111		415 780 1993
1111		53 1993 1994
1111		53 780 1994
1111		53 780 1993
1111		53 415 1994
1111		53 415 1993
1111		53 415 780
1111		27 1993 1994
1111		27 780 1994
1111		27 780 1993
1111		27 415 1994
1111		27 415 1993
1111		27 415 780
1111		27 53 1994
1111		27 53 1993
1111		3 4 426
1111		1993 1994
1111		780 1994
1111		780 1993
1111		415 1994
1111		415 1993
1111		415 780
1111		172 706
1111		53 1994
1111		53 1993
1111		27 1994
1111		27 1993
1111		1993
1110		1004
1108		57 113
1107		21 78 79 80
1107		21 79 80
1107		21 78 80
1107		21 78 79
1107		21 322
1107		21 79
1107		21 78
1106		88 112
1106		57 508
1104		27 88
1104		226
1103		751
1102		27 53 130 171 511
1102		53 130 171 511
1102		27 130 171 511
1102		27 63 108 109
1102		27 53 171 511
1102		27 53 130 171
1102		130 171 511
1102		53 171 511
1102		53 130 171
1102		27 171 511
1102		27 130 171
1102		27 108 109
1102		27 63 108
1102		27 53 171
1102		171 511
1102		130 171
1102		27 171
1102		27 108
1100		172 271
1099		787
1097		27 98 167
1097		21 98 228
1097		98 167
1096		57 112 198
1096		112 198
1096		57 198
1095		27 166
1093		52 57
1093		702
1092		51 88 633
1092		4 29 426
1092		51 633
1092		644
1091		665
1090		3 30
1089		27 53 57 128
1089		27 57 128
1088		27 351 608
1088		351 608
1088		74 253
1088		27 608
1088		27 123
1088		608
1088		253
1087		5 112
1087		955
1087		849
1085		82 83 225 706 791
1085		82 225 706 791
1085		82 83 706 791
1085		82 83 225 791
1085		82 83 225 706
1085		112 113 453
1085		82 706 791
1085		82 225 791
1085		82 225 706
1085		82 83 791
1085		82 83 706
1085		82 83 225
1085		27 38 351
1085		113 453
1085		112 453
1085		82 791
1085		82 225
1085		38 351
1084		106 112 113 453
1084		106 113 453
1084		106 112 453
1084		106 453
1082		483 485
1082		485
1081		770 771
1081		771
1080		4 29 152
1080		112 197
1080		4 152
1080		1192
1079		50 113 133
1079		239 289
1079		113 133
1078		1238
1074		220 221 222
1074		220 222
1074		220 221
1074		2279
1074		220
1073		27 1227
1073		1227
1072		1 4 29 155
1072		113 341 444
1072		4 29 155
1072		1 29 155
1072		1 4 155
1072		113 444
1072		113 341
1072		29 155
1072		4 155
1072		1 155
1069		130 168
1069		835
1069		168
1068		21 44 98 112
1068		44 98 112
1068		21 44 112
1068		21 44 98
1068		44 98
1068		21 44
1068		970
1066		29 228
1066		5 21
1065		177 2314
1065		2314
1065		828
1065		255
1064		159 160
1061		105 106 112
1061		105 106
1059		887 965
1057		1034 1218 1219
1057		114 115 530
1057		1218 1219
1057		1034 1218
1057		115 530
1057		114 530
1057		21 272
1056		200 434
1056		81 530
1055		149 207 401
1055		207 401
1055		149 401
1055		1 172
1054		52 154
1053		1276
1052		172 193 211 238
1052		172 211 238
1052		172 193 238
1052		172 193 211
1052		172 238
1052		172 211
1051		117 118 231
1051		118 231
1051		117 231
1047		57 172 173
1047		57 173
1047		303
1046		57 172 173 175
1046		57 173 175
1046		57 172 175
1046		57 175
1046		5 285
1045		862 863 864
1045		863 864
1045		862 864
1045		864
1042		268 324
1041		58 113
1041		51 447
1041		1970
1039		112 1936
1039		57 601
1039		598
1036		180
1032		57 384
1030		128 172
1029		98 382
1027		27 53 173 351 1311
1027		53 173 351 1311
1027		27 173 351 1311
1027		27 53 351 1311
1027		27 53 173 351
1027		173 351 1311
1027		53 351 1311
1027		53 173 351
1027		27 351 1311
1027		27 173 351
1027		351 1311
1027		173 351
1025		158 530
1024		78 79 80 82
1024		5 143 145 146
1024		143 145 146
1024		79 80 82
1024		78 80 82
1024		78 79 82
1024		5 143 145
1024		143 145
1024		80 82
1024		79 82
1024		78 82
1024		27 2330
1023		3 228
1020		27 325
1017		13 15 18 354
1017		15 18 354
1017		13 18 354
1017		13 15 354
1017		18 354
1017		15 354
1017		13 354
1015		21 98 130 341 342
1015		98 130 341 342
1015		21 130 341 342
1015		21 98 341 342
1015		21 98 130 342
1015		21 98 130 341
1015		98 341 342
1015		98 130 342
1015		98 130 341
1015		21 341 342
1015		21 130 342
1015		21 130 341
1015		21 98 342
1015		21 98 341
1015		21 98 130
1015		236 372
1015		98 342
1015		98 341
1015		21 342
1011		76 268
1011		21 119
1010		80 81
1010		23
1009		112 157 810
1009		157 810
1009		2 308
1009		489
1008		268 820
1007		77
1006		57 112 157 2330
1006		21 98 463 494
1006		112 157 2330
1006		98 463 494
1006		57 157 2330
1006		21 463 494
1006		21 98 494
1006		21 98 463
1006		157 2330
1006		128 299
1006		98 494
1006		21 494
1006		21 463
1005		7 138 200
1005		7 138
1003		27 341 444
1003		27 341
1003		21 31
999		5 149 151 152
999		149 151 152
999		5 151 152
999		151 152
998		703
994		81 228
993		21 349
992		5 159
992		904
990		117 119
990		399
989		351 463 494 495
989		463 494 495
989		351 494 495
989		351 463 495
989		494 495
989		463 495
989		351 495
989		27 194
989		194
988		27 98 100 192 193 194
988		98 100 192 193 194
988		27 100 192 193 194
988		27 98 192 193 194
988		27 98 100 193 194
988		27 98 100 192 194
988		27 98 100 192 193
988		100 192 193 194
988		98 192 193 194
988		98 100 193 194
988		98 100 192 194
988		98 100 192 193
988		27 192 193 194
988		27 100 193 194
988		27 100 192 194
988		27 100 192 193
988		27 98 193 194
988		27 98 192 194
988		27 98 192 193
988		27 98 100 194
988		27 98 100 193
988		27 98 100 192
988		192 193 194
988		100 193 194
988		100 192 194
988		100 192 193
988		98 193 194
988		98 192 194
988		98 192 193
988		98 100 194
988		98 100 193
988		98 100 192
988		27 193 194
988		27 192 194
988		27 192 193
988		27 100 194
988		27 100 193
988		27 100 192
988		27 98 194
988		27 98 193
988		27 98 192
988		27 98 100
988		2 21 63
988		193 194
988		192 194
988		192 193
988		100 194
988		100 193
988		100 192
988		98 194
988		98 193
988		98 192
988		88 508
988		53 107
988		27 192
988		21 63
988		192
986		51 294 363 536
986		294 363 536
986		51 363 536
986		51 294 536
986		51 294 363
986		363 536
986		294 536
986		294 363
986		51 536
986		51 363
979		293 313
978		94 839
977		184 293 313 470
977		293 313 470
977		184 313 470
977		184 293 470
977		184 293 313
977		313 470
977		293 470
977		184 470
977		184 313
976		158 166 530
976		112 126 128
976		112 126
974		27 98 167 449 1311
974		98 167 449 1311
974		27 167 449 1311
974		27 98 449 1311
974		27 98 167 1311
974		27 98 167 449
974		167 449 1311
974		98 449 1311
974		98 167 1311
974		98 167 449
974		27 449 1311
974		27 167 1311
974		27 167 449
974		27 98 1311
974		27 98 449
974		449 1311
974		167 1311
974		167 449
974		98 1311
974		98 449
973		27 351 608 609
973		351 608 609
973		164 193 385
973		27 608 609
973		27 351 609
973		608 609
973		351 609
973		164 385
973		27 609
973		27 322
971		21 130 169 170
971		130 169 170
971		21 169 170
971		21 130 170
971		21 130 169
971		169 170
971		130 170
971		21 169
970		2 236 309
970		362
967		157 197 579 580
967		197 579 580
967		157 579 580
967		157 197 580
967		157 197 579
967		579 580
967		197 580
967		197 579
967		157 580
967		157 579
967		580
967		579
964		113 519 520
964		21 98 351
964		113 520
964		113 519
964		98 351
961		100 224
961		21 29
960		5 112 157 159 160
960		112 157 159 160
960		5 157 159 160
960		5 112 159 160
960		5 112 157 160
960		5 112 157 159
960		157 159 160
960		112 159 160
960		112 157 160
960		112 157 159
960		5 159 160
960		5 157 160
960		5 157 159
960		5 112 160
960		5 112 159
960		5 112 157
960		157 160
960		157 159
960		112 159
960		5 157
957		30 309
957		29 336
954		112 355
954		81 225
953		7 309
952		327 887
952		66 83
952		534
952		291
950		57 128 130
950		27 53 323
950		53 323
950		27 323
949		27 105
948		21 98 100
947		130 343
947		343
946		52 232
945		277 370 371
945		113 530 605
945		370 371
945		277 371
945		277 370
945		113 530
945		98 166
944		57 601 602
944		601 602
944		246 264
944		57 602
944		602
944		375
943		52 155
941		174 415
941		98 530
941		1005
940		53 174 311 415
940		174 311 415
940		53 174 415
940		53 174 311
940		174 311
939		21 117
939		334
938		7 200 433
938		200 433
938		7 433
937		730 1354 1718 1719 1998
937		21 29 336 489 490
937		1354 1718 1719 1998
937		730 1718 1719 1998
937		730 1354 1719 1998
937		730 1354 1718 1998
937		730 1354 1718 1719
937		29 336 489 490
937		21 336 489 490
937		21 29 489 490
937		21 29 336 490
937		21 29 336 489
937		1718 1719 1998
937		1354 1719 1998
937		1354 1718 1998
937		1354 1718 1719
937		730 1719 1998
937		730 1718 1998
937		730 1354 1998
937		730 1354 1719
937		730 1354 1718
937		336 489 490
937		29 489 490
937		29 336 490
937		29 336 489
937		21 489 490
937		21 336 490
937		21 336 489
937		21 29 490
937		21 29 489
937		21 29 336
937		1719 1998
937		1718 1998
937		1354 1719
937		1354 1718
937		730 1998
937		730 1354
937		489 490
937		336 490
937		336 489
937		29 490
937		29 489
937		21 490
937		21 489
937		21 336
937		490
937		411
936		21 29 98 336 489 490
936		29 98 336 489 490
936		21 98 336 489 490
936		21 29 98 489 490
936		21 29 98 336 490
936		21 29 98 336 489
936		98 336 489 490
936		29 98 489 490
936		29 98 336 490
936		29 98 336 489
936		21 98 489 490
936		21 98 336 490
936		21 98 336 489
936		21 29 98 490
936		21 29 98 489
936		21 29 98 336
936		98 489 490
936		98 336 490
936		98 336 489
936		29 98 490
936		29 98 489
936		29 98 336
936		21 98 490
936		21 98 489
936		21 98 336
936		21 98 172
936		21 29 98
936		3 4 30
936		98 490
936		98 489
936		98 336
936		29 98
936		4 30
935		6 7
933		52 456 1076
933		456 1076
933		151 301
933		52 456
933		49 227
931		9 239 289
931		9 239
930		128 508 773
930		58 112 157
930		232 322
930		58 157
929		27 349
929		5 309
927		49 153
927		3 21
927		1 165
926		25 27 103 415
926		27 103 415
926		25 103 415
926		25 27 415
926		103 415
926		25 415
925		129 384
925		128 444
925		113 376
925		100 780
925		81 246
924		52 106 107
924		113 378
924		100 368
924		52 107
924		2 547
919		27 53 165 172 697 706
919		53 165 172 697 706
919		27 165 172 697 706
919		27 53 172 697 706
919		27 53 165 697 706
919		27 53 165 172 706
919		165 172 697 706
919		53 172 697 706
919		53 165 697 706
919		53 165 172 706
919		27 172 697 706
919		27 165 697 706
919		27 165 172 706
919		27 53 697 706
919		27 53 172 706
919		27 53 165 706
919		172 697 706
919		165 697 706
919		165 172 706
919		53 697 706
919		53 172 706
919		53 165 706
919		27 697 706
919		27 172 706
919		27 165 706
919		27 53 706
919		697 706
919		53 706
919		27 706
919		11 227
917		25 27 53 103 104 415
917		27 53 103 104 415
917		25 53 103 104 415
917		25 27 103 104 415
917		25 27 53 104 415
917		25 27 53 103 415
917		25 27 53 103 104
917		53 103 104 415
917		27 103 104 415
917		27 53 104 415
917		27 53 103 415
917		27 53 103 104
917		25 103 104 415
917		25 53 104 415
917		25 53 103 415
917		25 53 103 104
917		25 27 104 415
917		25 27 53 415
917		25 27 53 104
917		25 27 53 103
917		103 104 415
917		53 104 415
917		53 103 415
917		53 103 104
917		27 104 415
917		25 104 415
917		25 53 415
917		25 53 104
917		25 53 103
917		104 415
915		1268
914		165 167
913		780 955
912		149 701
912		1314
912		701
911		44 112 113 190
911		129 154 384
911		53 107 174
911		44 113 190
911		44 112 190
911		154 384
911		107 174
911		44 190
911		783
910		376 396
909		144 193 201 920
909		193 201 920
909		144 201 920
909		144 193 920
909		201 920
909		193 920
909		172 272
909		144 920
908		27 53 98
908		2 3 94
908		224 530
908		27 146
908		2 94
906		52 53 57
906		1150
905		27 351 494
905		105 351
904		534 535
904		52 988
904		2 29
904		535
903		17 32 707
903		232 349
903		32 707
903		17 707
900		309 573
900		27 409
900		409
899		1081
897		178 445
897		418
896		53 81 172 173 174 175 177
896		81 172 173 174 175 177
896		53 172 173 174 175 177
896		53 81 173 174 175 177
896		53 81 172 174 175 177
896		53 81 172 173 175 177
896		53 81 172 173 174 177
896		53 81 172 173 174 175
896		172 173 174 175 177
896		81 173 174 175 177
896		81 172 174 175 177
896		81 172 173 175 177
896		81 172 173 174 177
896		81 172 173 174 175
896		53 173 174 175 177
896		53 172 174 175 177
896		53 172 173 175 177
896		53 172 173 174 177
896		53 81 174 175 177
896		53 81 173 175 177
896		53 81 173 174 177
896		53 81 173 174 175
896		53 81 172 175 177
896		53 81 172 174 177
896		53 81 172 174 175
896		53 81 172 173 177
896		53 81 172 173 175
896		53 81 172 173 174
896		173 174 175 177
896		172 174 175 177
896		172 173 175 177
896		172 173 174 177
896		81 174 175 177
896		81 173 175 177
896		81 173 174 177
896		81 173 174 175
896		81 172 175 177
896		81 172 174 177
896		81 172 174 175
896		81 172 173 177
896		81 172 173 175
896		81 172 173 174
896		53 174 175 177
896		53 173 175 177
896		53 173 174 177
896		53 172 175 177
896		53 172 174 177
896		53 172 173 177
896		53 81 175 177
896		53 81 174 175
896		53 81 173 177
896		53 81 173 175
896		53 81 173 174
896		53 81 172 177
896		53 81 172 175
896		53 81 172 174
896		53 81 172 173
896		174 175 177
896		173 175 177
896		173 174 177
896		172 175 177
896		172 174 177
896		172 173 177
896		81 175 177
896		81 174 175
896		81 173 177
896		81 173 175
896		81 173 174
896		81 172 177
896		81 172 175
896		81 172 174
896		81 172 173
896		53 175 177
896		53 173 177
896		53 172 177
896		53 81 175
896		53 81 173
896		53 81 172
896		175 177
896		173 177
896		172 177
896		81 175
896		81 173
896		306
895		57 112 157 1026
895		112 157 1026
895		57 157 1026
895		309 426
895		157 1026
892		27 51 53 447
892		51 53 447
892		27 100 780
892		27 51 447
892		158 378
892		154 155
892		1084
890		21 98 378
890		1311 1734
890		98 378
890		2 1005
890		1734
890		472
889		13 15 18 262
889		15 18 262
889		13 18 262
889		13 15 262
889		18 262
889		15 262
889		13 262
888		112 113 810
888		52 164 193
887		2084 2085
887		143 144
887		1 65
887		2085
887		2084
885		57 81 112 157 177
885		81 112 157 177
885		57 112 157 177
885		57 81 157 177
885		57 81 112 157
885		81 157 177
885		57 81 157
882		112 177 371
882		177 371
881		52 106 114 115
881		52 114 115
881		52 106 115
881		52 106 114
881		52 115
881		52 114
881		857
878		105 112 157 612
878		112 157 612
878		105 157 612
878		105 112 612
878		105 112 157
878		157 612
878		113 508
878		112 612
878		105 157
878		98 240
878		27 81
877		1050
876		116 117 118
876		116 118
876		116 117
875		7 200 862 863 864
875		200 862 863 864
875		7 862 863 864
875		7 200 863 864
875		7 200 862 864
875		7 200 862 863
875		200 863 864
875		200 862 864
875		200 862 863
875		7 863 864
875		7 862 864
875		7 862 863
875		7 200 864
875		7 200 863
875		7 200 862
875		200 864
875		200 863
875		200 862
875		151 295
875		7 864
875		7 863
875		7 862
874		21 116 117 118 119
874		116 117 118 119
874		21 117 118 119
874		21 116 118 119
874		21 116 117 119
874		21 116 117 118
874		130 168 169
874		117 118 119
874		116 118 119
874		116 117 119
874		27 53 322
874		21 118 119
874		21 117 119
874		21 117 118
874		21 116 119
874		21 116 118
874		21 116 117
874		627 628
874		200 437
874		168 169
874		118 119
874		116 119
874		57 95
874		53 322
874		21 118
874		21 116
874		628
874		627
873		172 173 175 178
873		173 175 178
873		172 175 178
873		51 53 57
873		175 178
873		112 368
871		172 173 175 178 179
871		173 175 178 179
871		172 175 178 179
871		172 173 178 179
871		172 173 175 179
871		175 178 179
871		173 178 179
871		173 175 179
871		172 178 179
871		172 175 179
871		172 173 179
871		2 333 334
871		333 334
871		178 179
871		175 179
871		173 179
871		172 179
871		2 334
871		2 333
870		27 51 53 113 697 780 1826
870		51 53 113 697 780 1826
870		27 53 113 697 780 1826
870		27 51 113 697 780 1826
870		27 51 53 697 780 1826
870		27 51 53 113 780 1826
870		27 51 53 113 697 1826
870		27 51 53 113 697 780
870		53 113 697 780 1826
870		51 113 697 780 1826
870		51 53 697 780 1826
870		51 53 113 780 1826
870		51 53 113 697 1826
870		51 53 113 697 780
870		27 113 697 780 1826
870		27 53 697 780 1826
870		27 53 113 780 1826
870		27 53 113 697 1826
870		27 51 697 780 1826
870		27 51 113 780 1826
870		27 51 113 697 1826
870		27 51 113 697 780
870		27 51 53 780 1826
870		27 51 53 697 1826
870		27 51 53 697 780
870		27 51 53 113 1826
870		27 51 53 113 780
870		27 51 53 113 697
870		113 697 780 1826
870		53 697 780 1826
870		53 113 780 1826
870		53 113 697 1826
870		51 697 780 1826
870		51 113 780 1826
870		51 113 697 1826
870		51 113 697 780
870		51 53 780 1826
870		51 53 697 1826
870		51 53 697 780
870		51 53 113 1826
870		51 53 113 780
870		51 53 113 697
870		27 697 780 1826
870		27 113 780 1826
870		27 113 697 1826
870		27 53 780 1826
870		27 53 697 1826
870		27 53 113 1826
870		27 51 780 1826
870		27 51 697 1826
870		27 51 697 780
870		27 51 113 1826
870		27 51 113 780
870		27 51 113 697
870		27 51 53 1826
870		27 51 53 780
870		27 51 53 113
870		697 780 1826
870		113 780 1826
870		113 697 1826
870		53 780 1826
870		53 697 1826
870		53 113 1826
870		51 780 1826
870		51 697 1826
870		51 697 780
870		51 113 1826
870		51 113 780
870		51 113 697
870		51 53 1826
870		51 53 780
870		51 53 113
870		27 780 1826
870		27 697 1826
870		27 146 1227
870		27 113 1826
870		27 53 1826
870		27 51 1826
870		27 51 780
870		27 51 113
870		780 1826
870		697 1826
870		146 1227
870		113 1826
870		53 1826
870		51 1826
870		51 780
870		51 113
870		29 266
870		27 1826
870		1 21
870		1826
869		82 158
867		27 849
866		309 546
866		66 828
865		103 172
865		654
864		46 482
864		37 113
864		13 98
859		53 165 2194 2195
859		165 2194 2195
859		53 2194 2195
859		53 165 2195
859		53 165 2194
859		2194 2195
859		165 2195
859		165 2194
859		53 2195
859		53 2194
859		27 408
859		2195
859		2194
858		44 105 112
858		44 105
858		7 227
857		21 66
855		128 633
854		358
853		925
852		5 193
850		57 127 128 129 130
850		57 128 129 130
850		57 127 129 130
850		57 127 128 130
850		57 127 128 129
850		112 157 164
850		57 129 130
850		57 128 129
850		57 127 130
850		57 127 129
850		57 127 128
850		380 382
850		157 164
850		112 1198
850		57 127
850		466
848		165 172 271
848		49 313
847		769
846		68
843		50 57
843		5 153
842		8 74 253
842		53 88
842		8 253
841		51 53 88 174
841		53 88 174
841		51 88 174
841		51 53 88
841		88 174
841		233
840		81 83 225
838		21 31 33
838		309 363
838		165 309
838		21 33
837		17 66
836		746
834		112 157 163
834		57 113 1026
834		157 163
834		113 1026
834		112 163
834		642
834		163
833		255 256
833		112 622
833		25 174
832		6 130
831		83 96 97
831		96 97
831		83 97
831		83 96
831		97
831		96
830		27 53 178
830		2 49 153
830		53 178
830		278
829		81 83 225 706 791
829		27 53 173 1311 2296
829		81 225 706 791
829		81 83 706 791
829		81 83 225 791
829		81 83 225 706
829		53 173 1311 2296
829		27 173 1311 2296
829		27 53 1311 2296
829		27 53 173 2296
829		173 1311 2296
829		81 706 791
829		81 225 791
829		81 225 706
829		81 83 791
829		81 83 706
829		53 1311 2296
829		53 173 2296
829		27 1311 2296
829		27 173 2296
829		27 53 2296
829		1311 2296
829		173 2296
829		81 791
829		53 2296
829		27 2296
829		2296
828		463 494 689
828		703 704
828		463 689
828		21 53
828		704
826		27 165 167
826		27 151 268
826		151 268
826		27 268
825		7 200 220 221 222
825		200 220 221 222
825		7 220 221 222
825		7 200 221 222
825		7 200 220 222
825		7 200 220 221
825		316 415 533
825		200 221 222
825		200 220 222
825		200 220 221
825		7 221 222
825		7 220 222
825		7 220 221
825		7 200 222
825		7 200 221
825		7 200 220
825		1 172 549
825		415 533
825		316 533
825		200 222
825		200 221
825		200 220
825		158 224
825		7 222
825		7 221
825		7 220
825		1 549
824		899
823		112 157 177 407
823		157 177 407
823		112 157 407
823		27 172 178
823		157 407
821		413 414
821		27 923
821		27 87
821		5 227
821		2 9
821		845
821		414
820		53 130 214
820		172 486
820		130 214
820		105 463
819		52 63
819		27 177
817		43 49
817		21 508
816		51 52 53 123 2290
816		52 53 123 2290
816		51 53 123 2290
816		51 52 123 2290
816		51 52 53 2290
816		51 52 53 123
816		53 123 2290
816		52 123 2290
816		52 53 2290
816		52 53 123
816		51 123 2290
816		51 53 2290
816		51 53 123
816		51 52 2290
816		51 52 123
816		123 2290
816		56 123
816		53 2290
816		52 2290
816		52 123
816		51 2290
816		51 123
816		2290
815		49 152
815		594
815		390
814		21 144 193 201 202
814		21 193 201 202
814		21 144 201 202
814		21 144 193 202
814		21 201 202
814		21 193 202
814		21 144 202
813		13 15 18 1354 1998
813		15 18 1354 1998
813		13 18 1354 1998
813		13 15 1354 1998
813		13 15 18 1998
813		13 15 18 1354
813		5 143 144 146
813		143 144 146
813		18 1354 1998
813		15 1354 1998
813		15 18 1998
813		15 18 1354
813		13 1354 1998
813		13 18 1998
813		13 18 1354
813		13 15 1998
813		13 15 1354
813		5 144 146
813		5 143 144
813		144 146
813		18 1998
813		18 1354
813		15 1998
813		15 1354
813		13 1998
813		13 1354
812		98 130 707
812		57 202 1892
812		202 1892
812		98 707
812		57 1892
811		189 193 312 335
811		193 312 335
811		189 312 335
811		189 193 335
811		189 193 312
811		312 335
811		193 335
811		193 312
811		189 312
811		189 193
811		469
810		5 144 193 201 202
810		78 79 80 81
810		5 193 201 202
810		5 144 201 202
810		5 144 193 202
810		5 144 193 201
810		79 80 81
810		78 80 81
810		78 79 81
810		5 201 202
810		5 193 202
810		5 193 201
810		5 144 202
810		5 144 201
810		5 144 193
810		79 81
810		78 81
810		5 202
810		5 201
809		76 112 177
809		27 679 923
809		679 923
809		38 107
809		276
808		9 486
807		218
806		59 60 61 62
806		60 61 62
806		59 61 62
806		59 60 61
806		57 128 172
806		61 62
806		60 61
806		59 61
804		374 707 760
804		707 760
804		374 707
804		322 415
803		57 88
802		58 112 113
802		76 210
801		113 193
801		27 645
801		245
800		81 228 378
800		1231
799		21 52 349
799		128 146
798		13 15 18 376 396
798		15 18 376 396
798		13 18 376 396
798		13 15 376 396
798		13 15 18 396
798		13 15 18 376
798		18 376 396
798		15 376 396
798		15 18 396
798		15 18 376
798		13 376 396
798		13 18 396
798		13 18 376
798		13 15 396
798		13 15 376
798		18 396
798		18 376
798		15 396
798		15 376
798		13 396
798		450
797		4 518
797		2 472
797		518
796		21 52 308 322
796		52 308 322
796		21 308 322
796		21 52 322
796		21 52 308
796		174 382
796		130 174
795		53 512
794		189 355
794		1531
794		381
794		16
793		27 368
792		98 174 380 381 382
792		174 380 381 382
792		98 380 381 382
792		98 174 381 382
792		98 174 380 382
792		98 174 380 381
792		49 152 227 322
792		380 381 382
792		174 381 382
792		174 380 382
792		174 380 381
792		152 227 322
792		98 381 382
792		98 380 382
792		98 380 381
792		98 174 382
792		98 174 381
792		98 174 380
792		49 227 322
792		49 152 322
792		49 152 227
792		381 382
792		380 381
792		227 322
792		174 381
792		174 380
792		152 322
792		98 381
792		98 380
791		670 1034
789		49 332
789		1166
788		81 268
788		531
788		461
787		896
786		113 281 1314
786		281 1314
786		113 1314
786		113 281
785		895
784		646
783		53 171 214
783		2 128 151
783		171 214
783		392
782		2 1081
781		57 123
781		2 385
780		53 100 224 730 1718 1719
780		100 224 730 1718 1719
780		53 224 730 1718 1719
780		53 100 730 1718 1719
780		53 100 224 1718 1719
780		53 100 224 730 1719
780		53 100 224 730 1718
780		224 730 1718 1719
780		100 730 1718 1719
780		100 224 1718 1719
780		100 224 730 1719
780		100 224 730 1718
780		58 106 112 113
780		53 730 1718 1719
780		53 224 1718 1719
780		53 224 730 1719
780		53 224 730 1718
780		53 100 1718 1719
780		53 100 730 1719
780		53 100 730 1718
780		53 100 224 1719
780		53 100 224 1718
780		53 100 224 730
780		224 1718 1719
780		224 730 1719
780		224 730 1718
780		100 1718 1719
780		100 730 1719
780		100 730 1718
780		100 224 1719
780		100 224 1718
780		100 224 730
780		58 106 113
780		58 106 112
780		53 1718 1719
780		53 730 1719
780		53 730 1718
780		53 224 1719
780		53 224 1718
780		53 224 730
780		53 100 1719
780		53 100 1718
780		53 100 730
780		53 100 224
780		7 200 834
780		224 1719
780		224 1718
780		224 730
780		200 834
780		100 1719
780		100 1718
780		100 730
780		58 106
780		53 1719
780		53 1718
780		53 730
780		53 224
780		7 834
780		834
777		44 81 112 158
777		51 57 128
777		44 112 158
777		44 81 158
777		44 81 112
777		130 620
777		81 130
777		44 158
777		44 81
777		782
777		442
776		237
775		7 200 219 220 221 222
775		200 219 220 221 222
775		27 87 112 219 368
775		7 219 220 221 222
775		7 200 219 221 222
775		7 200 219 220 222
775		7 200 219 220 221
775		219 220 221 222
775		200 219 221 222
775		200 219 220 222
775		200 219 220 221
775		87 112 219 368
775		27 112 219 368
775		27 87 219 368
775		27 87 112 368
775		27 87 112 219
775		7 219 221 222
775		7 219 220 222
775		7 219 220 221
775		7 200 219 222
775		7 200 219 221
775		7 200 219 220
775		219 221 222
775		219 220 222
775		219 220 221
775		200 219 222
775		200 219 221
775		200 219 220
775		112 219 368
775		87 219 368
775		87 112 368
775		87 112 219
775		27 219 368
775		27 112 368
775		27 112 219
775		27 98 165
775		27 87 368
775		27 87 219
775		27 87 112
775		7 219 222
775		7 219 221
775		7 219 220
775		7 200 219
775		219 368
775		219 222
775		219 221
775		219 220
775		200 219
775		112 219
775		98 165
775		87 368
775		87 219
775		87 112
775		27 219
775		7 219
774		587
774		459
773		76 144 193 201 202
773		1 2 3 4 21
773		76 193 201 202
773		76 144 201 202
773		76 144 193 202
773		2 3 4 21
773		1 3 4 21
773		1 2 4 21
773		1 2 3 21
773		151 301 760
773		76 201 202
773		76 193 202
773		76 144 202
773		57 88 128
773		3 4 21
773		2 4 21
773		2 3 21
773		1 4 21
773		1 3 21
773		1 2 21
773		301 760
773		151 760
773		4 21
773		1020
772		65 128
772		2256
771		76 81
770		52 164 193 385
770		52 164 385
770		27 53 500
770		53 500
770		53 449
769		130 169 343
769		21 53 174
769		169 343
769		21 174
768		76 349
768		21 313
768		12 113
768		369
767		1 2 3 4 335
767		2 3 4 335
767		1 2 4 335
767		1 2 3 335
767		904 1970 2279
767		2 4 335
767		2 3 335
767		1 2 335
767		1970 2279
767		904 2279
767		904 1970
767		551 687
767		65 309
767		2 335
765		374 375
765		1 7
764		25 27 102 103 104 105
764		27 102 103 104 105
764		25 102 103 104 105
764		25 27 103 104 105
764		25 27 102 104 105
764		25 27 102 103 105
764		25 27 102 103 104
764		102 103 104 105
764		27 103 104 105
764		27 102 104 105
764		27 102 103 105
764		27 102 103 104
764		25 103 104 105
764		25 102 104 105
764		25 102 103 105
764		25 102 103 104
764		25 27 104 105
764		25 27 103 105
764		25 27 102 105
764		25 27 102 104
764		25 27 102 103
764		103 104 105
764		102 104 105
764		102 103 105
764		102 103 104
764		27 104 105
764		27 103 105
764		27 102 105
764		27 102 104
764		27 102 103
764		25 104 105
764		25 103 105
764		25 102 105
764		25 102 104
764		25 102 103
764		25 27 105
764		25 27 102
764		268 309
764		104 105
764		103 105
764		102 105
764		102 104
764		102 103
764		27 102
764		25 105
764		25 102
764		102
763		21 545
763		525
762		112 525
761		81 707
761		53 299
760		27 53 322 415
760		98 112 263
760		53 322 415
760		27 322 415
760		112 263
760		98 263
760		51 126
760		15 993
760		993
760		263
759		412 415
759		81 178
759		2 450
758		27 51 53 173 1311
758		57 106 112 2330
758		51 53 173 1311
758		27 51 173 1311
758		27 51 53 1311
758		27 51 53 173
758		106 112 2330
758		57 106 2330
758		51 173 1311
758		51 53 1311
758		51 53 173
758		30 128 151
758		27 51 1311
758		27 51 173
758		27 51 130
758		106 2330
758		51 1311
758		51 173
758		30 151
756		9 57 887 965
756		57 887 965
756		9 887 965
756		9 57 965
756		9 57 887
756		57 965
756		57 887
756		9 965
756		9 887
755		267 426
755		675
754		27 114 115
754		27 115
752		5 165
751		27 53 81
751		5 228
750		52 63 106 108 109
750		63 106 108 109
750		52 106 108 109
750		52 63 108 109
750		52 63 106 109
750		52 63 106 108
750		106 108 109
750		63 106 109
750		63 106 108
750		52 108 109
750		52 106 109
750		52 106 108
750		52 63 109
750		52 63 108
750		52 63 106
750		106 109
750		106 108
750		63 106
750		52 109
750		52 108
750		9 210
750		2 332
749		309 353
749		98 371
746		24 228 465
746		228 465
746		24 228
746		5 120
746		419
745		7 65 200 217 218
745		65 200 217 218
745		7 200 217 218
745		7 65 217 218
745		7 65 200 218
745		7 65 200 217
745		200 217 218
745		65 217 218
745		65 200 218
745		65 200 217
745		52 154 155
745		7 217 218
745		7 200 218
745		7 200 217
745		7 65 218
745		7 65 217
745		7 65 200
745		217 218
745		200 218
745		200 217
745		65 218
745		65 217
745		65 200
745		7 218
745		7 217
745		217
744		228 351 463 494
744		228 463 494
744		228 351 494
744		228 494
744		158 330
744		128 325
743		227 502
742		66 83 349 1354 1998 2165
742		83 349 1354 1998 2165
742		66 349 1354 1998 2165
742		66 83 1354 1998 2165
742		66 83 349 1998 2165
742		66 83 349 1354 2165
742		66 83 349 1354 1998
742		349 1354 1998 2165
742		83 1354 1998 2165
742		83 349 1998 2165
742		83 349 1354 2165
742		83 349 1354 1998
742		66 1354 1998 2165
742		66 349 1998 2165
742		66 349 1354 2165
742		66 349 1354 1998
742		66 83 1998 2165
742		66 83 1354 2165
742		66 83 1354 1998
742		66 83 349 2165
742		66 83 349 1998
742		66 83 349 1354
742		1354 1998 2165
742		349 1998 2165
742		349 1354 2165
742		349 1354 1998
742		83 1998 2165
742		83 1354 2165
742		83 1354 1998
742		83 349 2165
742		83 349 1998
742		83 349 1354
742		66 1998 2165
742		66 1354 2165
742		66 1354 1998
742		66 349 2165
742		66 349 1998
742		66 349 1354
742		66 83 2165
742		66 83 1998
742		66 83 1354
742		66 83 349
742		44 112 164
742		1998 2165
742		1354 2165
742		349 2165
742		349 1998
742		349 1354
742		114 378
742		83 2165
742		83 1998
742		83 1354
742		83 349
742		66 2165
742		66 1998
742		66 1354
742		66 349
742		44 164
742		2165
741		43 49 804
741		49 804
741		1014
741		888
740		21 123
739		112 126 128 157
739		412 413 414
739		126 128 157
739		112 126 157
739		412 414
739		412 413
739		126 157
739		9 81
738		349 612
738		49 228
738		745
737		997
736		46 81
736		21 810
736		21 224
735		428
732		126 128 508
732		21 634 635
732		126 508
732		29 100
732		21 635
732		21 634
731		2 266 385
731		494 645
731		65 164
731		2 266
730		98 239 240
730		236 890
730		128 178
730		98 239
730		57 58
730		2 526
729		105 272 349 350 612
729		272 349 350 612
729		105 349 350 612
729		105 272 350 612
729		105 272 349 612
729		105 272 349 350
729		21 98 634 635
729		349 350 612
729		272 350 612
729		272 349 612
729		105 350 612
729		105 349 612
729		105 349 350
729		105 272 612
729		105 272 350
729		105 272 349
729		98 634 635
729		21 98 635
729		21 98 634
729		350 612
729		272 612
729		105 350
729		105 349
729		105 272
729		98 635
729		98 634
728		27 53 109
728		30 277
728		1 146
727		65 561
726		53 482
726		9 1268
726		1280
724		465 702
724		270
723		53 845
723		5 27
722		316 412 415
722		2 49 472
722		316 412
722		112 581
722		49 472
722		825
722		581
721		128 299 325
721		128 563
721		11 876
720		112 157 189 355
720		157 189 355
720		112 189 355
720		112 157 355
720		157 355
720		12 53
720		2031
719		27 53 172 178
719		4 29 152 426
719		53 172 178
719		4 152 426
717		297 486
717		95 295
717		13 29
716		27 355
715		53 130 174 214
715		130 174 214
715		76 177 407
715		53 130 174
715		2 49 228
715		76 407
715		543
714		209 866
713		2 526 1005
713		526 1005
712		57 112 128
712		122
711		3 9
711		1282
709		53 113 174 341 444 780
709		113 174 341 444 780
709		53 174 341 444 780
709		53 113 341 444 780
709		53 113 174 444 780
709		53 113 174 341 780
709		53 113 174 341 444
709		174 341 444 780
709		113 341 444 780
709		113 174 444 780
709		113 174 341 780
709		113 174 341 444
709		53 341 444 780
709		53 174 444 780
709		53 174 341 780
709		53 113 444 780
709		53 113 341 780
709		53 113 341 444
709		53 113 174 780
709		53 113 174 444
709		53 113 174 341
709		27 38 351 494
709		341 444 780
709		174 444 780
709		174 341 780
709		113 444 780
709		113 341 780
709		113 174 780
709		113 174 444
709		113 174 341
709		53 444 780
709		53 341 780
709		53 174 780
709		53 113 444
709		53 113 341
709		38 351 494
709		444 780
709		341 780
709		174 780
709		125 1039
709		1123
709		1039
708		209 865 866
708		335 336
708		209 865
708		53 176
708		1447
707		27 53 165 482 483 484
707		53 165 482 483 484
707		27 165 482 483 484
707		27 53 482 483 484
707		27 53 165 482 484
707		27 53 165 482 483
707		165 482 483 484
707		53 482 483 484
707		53 165 482 484
707		53 165 482 483
707		27 482 483 484
707		27 165 482 484
707		27 165 482 483
707		27 53 482 484
707		27 53 482 483
707		27 53 311 323
707		27 53 165 482
707		482 483 484
707		165 482 484
707		165 482 483
707		53 482 484
707		53 482 483
707		53 311 323
707		53 165 482
707		27 482 484
707		27 482 483
707		27 311 323
707		27 165 482
707		27 53 482
707		21 66 98
707		482 484
707		482 483
707		311 323
707		165 482
707		66 98
707		57 351
707		27 482
706		106 112 113 114 115
706		106 113 114 115
706		106 112 114 115
706		106 112 113 115
706		106 112 113 114
706		106 113 115
706		106 113 114
706		106 112 115
706		106 112 114
706		109 351
705		52 399 400
705		399 400
705		52 399
704		172 271 549
704		271 549
704		81 316
703		326
702		107 112 113 157
702		112 524 525
702		107 113 157
702		107 112 157
702		2 546 1081
702		572 1327
702		546 1081
702		524 525
702		112 524
702		107 157
702		1327
702		524
701		327 1127
701		1127
700		2 27 53 165 483 484
700		2 53 165 483 484
700		2 27 165 483 484
700		2 27 53 483 484
700		2 27 53 165 484
700		2 27 53 165 483
700		2 165 483 484
700		2 53 483 484
700		2 53 165 484
700		2 53 165 483
700		2 27 483 484
700		2 27 165 484
700		2 27 165 483
700		2 27 53 484
700		2 27 53 483
700		13 29 2256
700		2 483 484
700		2 165 484
700		2 165 483
700		2 53 484
700		2 53 483
700		2 27 484
700		2 27 483
700		29 2256
700		13 2256
700		2 484
700		2 483
700		736
698		5 145 146 147 160 281
698		145 146 147 160 281
698		5 146 147 160 281
698		5 145 147 160 281
698		5 145 146 160 281
698		5 145 146 147 281
698		5 145 146 147 160
698		146 147 160 281
698		145 147 160 281
698		145 146 160 281
698		145 146 147 281
698		145 146 147 160
698		5 147 160 281
698		5 146 160 281
698		5 146 147 281
698		5 146 147 160
698		5 145 160 281
698		5 145 147 281
698		5 145 147 160
698		5 145 146 281
698		5 145 146 160
698		147 160 281
698		146 160 281
698		146 147 281
698		146 147 160
698		145 160 281
698		145 147 281
698		145 147 160
698		145 146 281
698		145 146 160
698		5 160 281
698		5 147 281
698		5 147 160
698		5 146 281
698		5 146 160
698		5 145 281
698		5 145 160
698		316 318
698		160 281
698		147 281
698		147 160
698		146 281
698		146 160
698		145 281
698		145 160
698		5 281
697		107 272 349 350
697		107 349 350
697		107 272 350
697		107 272 349
697		107 350
697		107 349
697		107 272
697		722
696		27 53 123
695		120 143
694		112 177 2314
694		27 299 325
694		112 2314
694		52 228
694		27 299
693		130 787
693		52 189
692		57 106 112 113 1026
692		106 112 113 1026
692		57 112 113 1026
692		57 106 113 1026
692		57 106 112 1026
692		57 106 112 113
692		112 113 1026
692		106 113 1026
692		106 112 1026
692		57 112 113
692		57 106 1026
692		57 106 113
692		106 1026
691		483 485 856 857
691		485 856 857
691		483 856 857
691		483 485 857
691		483 485 856
691		856 857
691		485 857
691		485 856
691		483 857
691		483 856
691		856
691		314
690		165 783
689		289 290
688		65 69 335 336
688		69 335 336
688		65 335 336
688		65 69 336
688		65 69 335
688		2 49 277
688		69 336
688		65 336
688		65 335
688		49 277
688		2 596
688		643
687		31 33 113 244
687		33 113 244
687		31 113 244
687		31 33 244
687		113 244
687		33 244
687		31 244
686		31 138 200 262 383
686		138 200 262 383
686		31 200 262 383
686		31 138 262 383
686		31 138 200 383
686		31 138 200 262
686		769 770 771
686		262 1311 1734
686		200 262 383
686		138 262 383
686		138 200 383
686		138 200 262
686		31 262 383
686		31 200 383
686		31 200 262
686		31 138 383
686		31 138 262
686		31 138 200
686		1 309 363
686		769 771
686		769 770
686		262 1734
686		262 1311
686		262 383
686		200 383
686		138 383
686		138 262
686		31 383
686		31 262
686		31 200
686		31 138
686		1 363
686		383
685		684
684		29 38
683		345
682		268 309 324
682		309 324
680		439
679		13 15 18 108 393 394 395
679		15 18 108 393 394 395
679		13 18 108 393 394 395
679		13 15 108 393 394 395
679		13 15 18 393 394 395
679		13 15 18 108 394 395
679		13 15 18 108 393 395
679		13 15 18 108 393 394
679		18 108 393 394 395
679		15 108 393 394 395
679		15 18 393 394 395
679		15 18 108 394 395
679		15 18 108 393 395
679		15 18 108 393 394
679		13 108 393 394 395
679		13 18 393 394 395
679		13 18 108 394 395
679		13 18 108 393 395
679		13 18 108 393 394
679		13 15 393 394 395
679		13 15 108 394 395
679		13 15 108 393 395
679		13 15 108 393 394
679		13 15 18 394 395
679		13 15 18 393 395
679		13 15 18 393 394
679		13 15 18 108 395
679		13 15 18 108 394
679		13 15 18 108 393
679		108 393 394 395
679		18 393 394 395
679		18 108 394 395
679		18 108 393 395
679		18 108 393 394
679		15 393 394 395
679		15 108 394 395
679		15 108 393 395
679		15 108 393 394
679		15 18 394 395
679		15 18 393 395
679		15 18 393 394
679		15 18 108 395
679		15 18 108 394
679		15 18 108 393
679		13 393 394 395
679		13 108 394 395
679		13 108 393 395
679		13 108 393 394
679		13 18 394 395
679		13 18 393 395
679		13 18 393 394
679		13 18 108 395
679		13 18 108 394
679		13 18 108 393
679		13 15 394 395
679		13 15 393 395
679		13 15 393 394
679		13 15 108 395
679		13 15 108 394
679		13 15 108 393
679		13 15 18 395
679		13 15 18 394
679		13 15 18 393
679		13 15 18 108
679		393 394 395
679		108 394 395
679		108 393 395
679		108 393 394
679		18 394 395
679		18 393 395
679		18 393 394
679		18 108 395
679		18 108 394
679		18 108 393
679		15 394 395
679		15 393 395
679		15 393 394
679		15 108 395
679		15 108 394
679		15 108 393
679		15 18 395
679		15 18 394
679		15 18 393
679		15 18 108
679		13 394 395
679		13 393 395
679		13 393 394
679		13 108 395
679		13 108 394
679		13 108 393
679		13 18 395
679		13 18 394
679		13 18 393
679		13 18 108
679		13 15 395
679		13 15 394
679		13 15 393
679		13 15 108
679		394 395
679		393 395
679		393 394
679		298 299
679		108 395
679		108 394
679		108 393
679		18 395
679		18 394
679		18 393
679		18 108
679		15 395
679		15 394
679		15 393
679		15 108
679		13 395
679		13 394
679		13 393
679		13 108
679		395
679		394
679		393
679		298
678		53 171 172 173 174 214
678		171 172 173 174 214
678		53 172 173 174 214
678		53 171 173 174 214
678		53 171 172 174 214
678		53 171 172 173 214
678		172 173 174 214
678		171 173 174 214
678		171 172 174 214
678		171 172 173 214
678		53 173 174 214
678		53 172 174 214
678		53 172 173 214
678		53 171 174 214
678		53 171 173 214
678		53 171 172 214
678		173 174 214
678		172 174 214
678		172 173 214
678		171 174 214
678		171 173 214
678		171 172 214
678		53 173 214
678		53 172 214
678		173 214
678		172 214
678		67 68
678		67
677		144 201 1280 2260
677		201 1280 2260
677		144 1280 2260
677		144 201 2260
677		144 201 1280
677		1280 2260
677		201 2260
677		201 1280
677		149 419
677		144 2260
677		144 1280
677		2260
676		21 52 349 496
676		21 349 496
676		21 52 496
676		21 496
675		76 112 157 177 407
675		76 157 177 407
675		76 112 177 407
675		76 112 157 407
675		76 112 157 177
675		76 157 407
675		76 157 177
675		76 112 407
675		76 112 157
675		21 98 545
675		98 545
675		76 157
674		120 143 144
674		349 378
674		120 144
674		13 76
673		112 157 302
673		245 246
673		157 302
673		112 302
672		51 88 128 633
672		88 128 633
672		51 128 633
672		51 88 128
671		52 76 349
671		116 299
671		53 325
671		27 316
670		151 573
669		2 152
669		527
668		268 269 270
668		309 372
668		269 270
668		268 270
668		268 269
667		27 223 820
667		7 415 658
667		415 658
667		223 820
667		27 820
667		27 223
667		7 415
667		1 49
666		57 508 773
666		65 81
666		57 773
664		51 53 128
664		27 53 449
664		57 341
663		112 923
662		228 266
661		21 98 351 463 494
661		98 351 463 494
661		46 112 213 923
661		21 351 463 494
661		21 98 351 494
661		21 98 351 463
661		13 15 18 76
661		112 213 923
661		98 351 494
661		98 351 463
661		46 213 923
661		46 112 923
661		46 112 213
661		21 351 494
661		21 351 463
661		15 18 76
661		13 18 76
661		13 15 76
661		213 923
661		46 923
661		46 213
661		46 112
661		18 76
661		15 76
660		165 207
659		27 53 113 172 173 175 780
659		53 113 172 173 175 780
659		27 113 172 173 175 780
659		27 53 172 173 175 780
659		27 53 113 173 175 780
659		27 53 113 172 175 780
659		27 53 113 172 173 780
659		27 53 113 172 173 175
659		113 172 173 175 780
659		53 172 173 175 780
659		53 113 173 175 780
659		53 113 172 175 780
659		53 113 172 173 780
659		53 113 172 173 175
659		27 172 173 175 780
659		27 113 173 175 780
659		27 113 172 175 780
659		27 113 172 173 780
659		27 113 172 173 175
659		27 53 173 175 780
659		27 53 172 175 780
659		27 53 172 173 780
659		27 53 113 175 780
659		27 53 113 173 780
659		27 53 113 173 175
659		27 53 113 172 175
659		27 53 113 172 173
659		172 173 175 780
659		113 173 175 780
659		113 172 175 780
659		113 172 173 780
659		53 173 175 780
659		53 172 175 780
659		53 172 173 780
659		53 113 175 780
659		53 113 173 780
659		53 113 173 175
659		53 113 172 175
659		53 113 172 173
659		27 173 175 780
659		27 172 175 780
659		27 172 173 780
659		27 113 175 780
659		27 113 173 780
659		27 113 173 175
659		27 113 172 175
659		27 113 172 173
659		27 53 175 780
659		27 53 173 780
659		27 53 113 175
659		27 53 113 173
659		173 175 780
659		172 175 780
659		172 173 780
659		113 175 780
659		113 173 780
659		53 175 780
659		53 173 780
659		53 113 175
659		53 113 173
659		27 175 780
659		27 173 780
659		27 113 175
659		27 113 173
659		175 780
659		173 780
657		2 5 53 228 277
657		5 53 228 277
657		2 5 228 277
657		2 5 53 228
657		5 228 277
657		5 53 228
657		2 5 228
656		13 15 18 83 100 156
656		15 18 83 100 156
656		13 18 83 100 156
656		13 15 83 100 156
656		13 15 18 100 156
656		13 15 18 83 156
656		13 15 18 83 100
656		59 60 62 63
656		18 83 100 156
656		15 83 100 156
656		15 18 100 156
656		15 18 83 156
656		15 18 83 100
656		13 83 100 156
656		13 18 100 156
656		13 18 83 156
656		13 18 83 100
656		13 15 100 156
656		13 15 83 156
656		13 15 83 100
656		13 15 18 156
656		13 15 18 100
656		13 15 18 83
656		83 100 156
656		60 62 63
656		59 62 63
656		59 60 63
656		18 100 156
656		18 83 156
656		18 83 100
656		15 100 156
656		15 83 156
656		15 83 100
656		15 18 156
656		15 18 100
656		15 18 83
656		13 100 156
656		13 83 156
656		13 83 100
656		13 18 156
656		13 18 100
656		13 18 83
656		13 15 156
656		13 15 100
656		13 15 83
656		100 156
656		83 156
656		62 63
656		60 63
656		59 63
656		18 156
656		18 100
656		18 83
656		15 156
656		15 100
656		15 83
656		13 156
656		13 100
656		13 83
656		156
655		2 13 15 18 98
655		69 316 317 318
655		13 15 18 98
655		2 15 18 98
655		2 13 18 98
655		2 13 15 98
655		316 317 318
655		69 317 318
655		69 316 318
655		69 316 317
655		15 18 98
655		13 18 98
655		13 15 98
655		2 18 98
655		2 15 98
655		2 13 98
655		317 318
655		316 317
655		69 318
655		69 317
655		69 316
655		18 98
655		15 98
655		317
654		151 1367
654		2435
654		389
653		57 128 172 173
653		128 172 173
653		57 128 173
653		53 57 174
653		128 173
653		123 1447
653		81 970
653		57 174
653		5 130
652		57 128 172 173 175
652		128 172 173 175
652		57 129 154 2330
652		57 128 173 175
652		57 128 172 175
652		129 154 2330
652		128 173 175
652		128 172 175
652		57 154 2330
652		57 129 2330
652		57 129 154
652		57 128 175
652		154 2330
652		129 2330
652		128 175
652		57 154
652		1 546
651		1 65 546
651		81 224
651		1307
650		171 172 173 178 486
650		172 173 178 486
650		171 173 178 486
650		171 172 178 486
650		171 172 173 486
650		171 172 173 178
650		173 178 486
650		172 178 486
650		172 173 486
650		171 178 486
650		171 173 486
650		171 173 178
650		171 172 486
650		171 172 178
650		178 486
650		173 486
650		171 486
650		171 178
650		141
648		267 309 426
648		267 309
647		783 1307
647		52 238
647		204
646		51 128 294
646		21 43
645		1 3 4 29
645		1 3 29
645		123 172
643		7 15 200 993
643		15 200 993
643		7 200 993
643		7 15 993
643		7 15 200
643		200 993
643		15 200
643		7 993
643		7 15
643		346
642		165 227
642		1358
641		53 172 173 174 175 176
641		172 173 174 175 176
641		53 173 174 175 176
641		53 172 174 175 176
641		53 172 173 175 176
641		53 172 173 174 176
641		173 174 175 176
641		172 174 175 176
641		172 173 175 176
641		172 173 174 176
641		53 174 175 176
641		53 173 175 176
641		53 173 174 176
641		53 172 175 176
641		53 172 174 176
641		53 172 173 176
641		174 175 176
641		173 175 176
641		173 174 176
641		172 175 176
641		172 174 176
641		172 173 176
641		53 175 176
641		53 174 176
641		53 173 176
641		53 172 176
641		21 103 172
641		175 176
641		174 176
641		173 176
641		172 176
641		100 113
641		21 103
641		1 128
641		565
641		550
640		27 53 57 128 341 444
640		53 57 128 341 444
640		27 57 128 341 444
640		27 53 128 341 444
640		27 53 57 341 444
640		27 53 57 128 444
640		27 53 57 128 341
640		1 3 4 29 38
640		57 128 341 444
640		53 128 341 444
640		53 57 341 444
640		53 57 128 444
640		53 57 128 341
640		27 128 341 444
640		27 57 341 444
640		27 57 128 444
640		27 57 128 341
640		27 53 341 444
640		27 53 128 444
640		27 53 128 341
640		27 53 57 444
640		27 53 57 341
640		3 4 29 38
640		1 4 29 38
640		1 3 29 38
640		1 3 4 38
640		128 341 444
640		57 341 444
640		57 128 444
640		57 128 341
640		53 128 444
640		53 128 341
640		53 57 444
640		53 57 341
640		27 128 444
640		27 128 341
640		27 57 444
640		27 57 341
640		27 53 341
640		4 29 38
640		3 29 38
640		1 29 38
640		1 4 38
640		1 3 38
640		128 341
640		57 444
640		1 38
640		861
639		230 368
639		63 94
639		4 517
639		517
638		322 349
637		835 967
637		967
636		164 172
636		617
635		21 57 112
635		169 447
635		46 83
634		27 494 689
634		660
633		9 52 81 210 385 572
633		9 81 210 385 572
633		9 52 210 385 572
633		9 52 81 385 572
633		9 52 81 210 572
633		9 52 81 210 385
633		9 210 385 572
633		9 81 385 572
633		9 81 210 572
633		9 81 210 385
633		9 52 385 572
633		9 52 210 572
633		9 52 210 385
633		9 52 81 572
633		9 52 81 385
633		9 52 81 210
633		9 385 572
633		9 210 572
633		9 210 385
633		9 81 572
633		9 81 385
633		9 81 210
633		9 52 572
633		9 52 385
633		9 52 210
633		9 52 81
633		9 572
633		9 385
633		9 52
633		802
632		83 161 162
632		83 162
632		83 161
632		21 128
632		492
631		53 58
630		542
629		189 272
629		57 122
628		128 151 309
628		105 351 463
628		674 675
628		501 948
628		2 502
628		948
628		674
627		14 17 66
627		14 66
627		452
626		21 98 330
626		98 330
626		21 330
625		295 1166 1437
625		232 322 349
625		1166 1437
625		295 1437
625		295 1166
625		12 464
625		1437
625		794
625		464
623		36 1101 1102
623		1101 1102
623		65 573
623		36 1102
623		36 1101
623		25 165
623		1102
623		1101
623		124
622		21 1198
622		2 172
621		165 271 486
621		57 103 272
621		271 486
621		165 486
621		103 272
621		57 103
621		1 123
621		870
620		209 210
620		52 151
620		387
619		98 127 129 130
619		98 129 130
619		98 127 130
619		98 127 129
619		98 129
619		98 127
619		82 378
619		84
618		27 124
618		21 50
617		57 83 94 95 96 97
617		83 94 95 96 97
617		57 94 95 96 97
617		57 83 95 96 97
617		57 83 94 96 97
617		57 83 94 95 97
617		57 83 94 95 96
617		94 95 96 97
617		83 95 96 97
617		83 94 96 97
617		83 94 95 97
617		83 94 95 96
617		57 95 96 97
617		57 94 96 97
617		57 94 95 97
617		57 94 95 96
617		57 83 96 97
617		57 83 95 97
617		57 83 95 96
617		57 83 94 97
617		57 83 94 96
617		57 83 94 95
617		95 96 97
617		94 96 97
617		94 95 97
617		94 95 96
617		83 95 97
617		83 95 96
617		83 94 97
617		83 94 96
617		83 94 95
617		57 96 97
617		57 95 97
617		57 95 96
617		57 94 97
617		57 94 96
617		57 94 95
617		57 83 97
617		57 83 96
617		57 83 95
617		57 83 94
617		95 97
617		95 96
617		94 97
617		94 96
617		94 95
617		83 95
617		57 97
617		57 96
617		57 83
617		7 372
617		1 6
617		1110
616		5 152 165
616		152 165
616		475
615		52 76 349 496
615		76 349 496
615		52 76 496
615		81 368
615		76 496
614		98 128 146
614		759 951
614		98 146
614		98 128
613		52 322 988
613		322 988
613		53 126
613		30 65
613		5 128
612		1 2 3 4 236
612		1 3 4 236
612		1 2 4 236
612		1 2 3 236
612		123 601 710
612		1 4 236
612		1 3 236
612		1 2 236
612		289 658
612		123 710
612		123 601
612		81 545
612		1 236
612		1 37
611		25 27 53 103 104 415 565
611		27 53 103 104 415 565
611		25 53 103 104 415 565
611		25 27 103 104 415 565
611		25 27 53 104 415 565
611		25 27 53 103 415 565
611		25 27 53 103 104 565
611		53 103 104 415 565
611		27 103 104 415 565
611		27 53 104 415 565
611		27 53 103 415 565
611		27 53 103 104 565
611		25 103 104 415 565
611		25 53 104 415 565
611		25 53 103 415 565
611		25 53 103 104 565
611		25 27 104 415 565
611		25 27 103 415 565
611		25 27 103 104 565
611		25 27 53 415 565
611		25 27 53 104 565
611		25 27 53 103 565
611		103 104 415 565
611		53 104 415 565
611		53 103 415 565
611		53 103 104 565
611		27 104 415 565
611		27 103 415 565
611		27 103 104 565
611		27 53 415 565
611		27 53 104 565
611		27 53 103 565
611		25 104 415 565
611		25 103 415 565
611		25 103 104 565
611		25 53 415 565
611		25 53 104 565
611		25 53 103 565
611		25 27 415 565
611		25 27 104 565
611		25 27 103 565
611		25 27 53 565
611		104 415 565
611		103 415 565
611		103 104 565
611		53 415 565
611		53 104 565
611		53 103 565
611		27 415 565
611		27 104 565
611		27 103 565
611		27 53 565
611		25 415 565
611		25 104 565
611		25 103 565
611		25 53 565
611		25 27 565
611		3 228 340
611		415 565
611		228 340
611		104 565
611		103 565
611		53 565
611		27 565
611		27 358
611		25 565
610		1257
609		214 351
609		53 1026
608		165 172 549
608		112 157 734
608		66 67 68
608		2 277 874
608		277 874
608		165 549
608		157 734
608		112 734
608		66 68
608		66 67
608		46 129
608		2 874
607		52 53 151 362
607		53 151 362
607		52 151 362
607		52 53 362
607		52 53 151
607		151 362
607		53 362
607		52 362
606		27 351 500 608 609
606		351 500 608 609
606		27 500 608 609
606		27 351 500 609
606		27 351 500 608
606		500 608 609
606		351 500 609
606		351 500 608
606		128 272 629
606		27 500 609
606		27 500 608
606		27 351 500
606		500 609
606		500 608
606		378 1429
606		351 500
606		128 629
606		128 272
606		5 268
605		27 53 697 871
605		53 697 871
605		27 697 871
605		27 53 871
605		697 871
605		272 456
605		94 368
605		53 871
605		27 871
605		1335
605		248
604		53 116 299
604		7 200 434
604		53 116
604		7 434
603		52 53 380 845 846
603		53 380 845 846
603		52 380 845 846
603		52 53 845 846
603		52 53 380 846
603		52 53 380 845
603		380 845 846
603		272 674 675
603		57 272 629
603		53 845 846
603		53 380 846
603		53 380 845
603		52 845 846
603		52 380 846
603		52 380 845
603		52 53 846
603		52 53 845
603		52 53 380
603		2 5 153
603		845 846
603		380 846
603		380 845
603		272 675
603		272 674
603		57 629
603		53 846
603		53 380
603		52 846
603		52 845
603		52 380
603		846
602		926
602		208
601		17 327
601		912
600		5 120 143 144 145 146
600		120 143 144 145 146
600		5 143 144 145 146
600		5 120 144 145 146
600		5 120 143 145 146
600		5 120 143 144 146
600		5 120 143 144 145
600		143 144 145 146
600		120 144 145 146
600		120 143 145 146
600		120 143 144 146
600		120 143 144 145
600		5 144 145 146
600		5 143 144 145
600		5 120 145 146
600		5 120 144 146
600		5 120 144 145
600		5 120 143 146
600		5 120 143 145
600		5 120 143 144
600		144 145 146
600		143 144 145
600		120 145 146
600		120 144 146
600		120 144 145
600		120 143 146
600		120 143 145
600		5 144 145
600		5 120 146
600		5 120 145
600		5 120 144
600		5 120 143
600		144 145
600		120 146
600		120 145
599		57 94 384 1996
599		57 384 1996
599		57 94 1996
599		57 94 384
599		94 128
599		57 1996
599		27 896
599		21 158
599		12 66
599		12 27
598		52 65 106 164 166
598		65 106 164 166
598		52 106 164 166
598		52 65 164 166
598		52 65 106 164
598		29 100 152 426
598		249 250 251
598		106 164 166
598		100 152 426
598		65 164 166
598		65 106 164
598		52 164 166
598		52 106 164
598		52 65 164
598		29 100 426
598		29 100 152
598		249 251
598		249 250
598		164 166
598		106 164
598		100 426
598		100 152
598		562
598		448
598		357
598		249
597		5 27 351 608 609
597		5 351 608 609
597		5 27 608 609
597		5 27 351 609
597		5 27 351 608
597		136 137 138
597		5 608 609
597		5 351 609
597		5 351 608
597		5 27 609
597		5 27 608
597		5 27 351
597		2021 2022
597		349 442
597		137 138
597		136 138
597		136 137
597		37 165
597		5 609
597		5 608
597		5 351
597		2022
597		2021
597		137
597		136
596		128 519 520
596		718 719
596		128 520
596		128 519
596		872
596		718
595		2 13 15 18 354
595		2 15 18 354
595		2 13 18 354
595		2 13 15 354
595		2 18 354
595		2 15 354
595		2 13 354
595		98 103
595		2 354
594		49 78 79 80
594		44 112 113 810
594		49 79 80
594		49 78 80
594		49 78 79
594		44 113 810
594		44 112 810
594		456 2031
594		57 322
594		49 79
594		49 78
594		44 810
593		2 5 53 153 277
593		272 349 350 355
593		5 53 153 277
593		2 5 153 277
593		2 5 53 153
593		349 350 355
593		272 350 355
593		272 349 355
593		5 153 277
593		5 53 153
593		350 355
593		349 355
593		272 355
593		7 36
593		2 426
592		81 172 178
592		53 57 351
591		110 111 272 349 350
591		111 272 349 350
591		110 272 349 350
591		110 111 349 350
591		110 111 272 350
591		110 111 272 349
591		111 349 350
591		111 272 350
591		111 272 349
591		110 349 350
591		110 272 350
591		110 272 349
591		110 111 350
591		110 111 349
591		110 111 272
591		111 350
591		111 349
591		111 272
591		110 350
591		110 349
591		110 272
591		618
589		57 177 272 349 350
589		177 272 349 350
589		57 272 349 350
589		57 177 349 350
589		57 177 272 350
589		57 177 272 349
589		387 519 520
589		177 349 350
589		177 272 350
589		177 272 349
589		57 349 350
589		57 272 350
589		57 272 349
589		57 177 350
589		57 177 349
589		57 177 272
589		387 520
589		387 519
589		177 350
589		177 349
589		177 272
589		57 350
589		57 349
588		27 53 322 347 415
588		53 322 347 415
588		27 322 347 415
588		27 53 347 415
588		27 53 322 347
588		322 347 415
588		123 172 549
588		53 347 415
588		53 322 347
588		27 347 415
588		27 322 347
588		27 53 347
588		347 415
588		123 549
588		81 290
588		53 347
588		37 63
588		27 347
587		311 314
587		805
587		575
586		21 98 112 197
586		236 309 372
586		98 112 197
586		21 272 629
586		21 112 197
586		21 98 197
586		707 961
586		98 197
586		21 629
585		31 33 113 376 377
585		2 29 228 266 385
585		33 113 376 377
585		31 113 376 377
585		31 33 376 377
585		31 33 113 377
585		31 33 113 376
585		29 228 266 385
585		2 228 266 385
585		2 29 266 385
585		2 29 228 385
585		2 29 228 266
585		228 266 385
585		130 620 707
585		113 376 377
585		33 376 377
585		33 113 377
585		33 113 376
585		31 376 377
585		31 113 377
585		31 113 376
585		31 33 377
585		31 33 376
585		29 266 385
585		29 228 385
585		29 228 266
585		2 228 385
585		2 228 266
585		2 29 385
585		2 29 266
585		2 29 228
585		620 707
585		376 377
585		228 385
585		113 377
585		33 377
585		33 376
585		31 377
585		31 376
585		29 385
585		2 979
585		377
584		21 98 172 549
584		98 172 549
584		21 172 549
584		21 98 549
584		128 174
584		98 549
584		21 549
584		938
584		586
583		2 309 546
582		112 581 622
582		581 622
581		21 98 224
581		107 123
581		98 224
581		21 920
580		126 128 508 773
580		126 508 773
580		126 128 773
580		50 57 139
580		1 6 7
580		126 773
580		57 139
580		50 139
580		716
579		81 867
579		57 82
579		700
579		607
578		2 547 643
578		547 643
578		301 787
578		128 236
578		2 643
578		615
577		21 43 804
577		21 804
576		21 24
575		82 272
574		31 33 37 113
574		33 37 113
574		31 37 113
574		31 33 37
574		33 37
574		31 37
574		1086
574		812
573		107 113 530 605
573		27 53 415 746
573		107 530 605
573		107 113 605
573		107 113 530
573		53 415 746
573		27 415 746
573		27 53 746
573		2 63 867
573		415 746
573		107 605
573		63 867
573		53 746
573		27 746
572		88 126 128
572		21 98 530
572		6 51 130
572		88 126
572		77 452
572		21 530
572		6 51
572		1156
572		693
570		152 889
570		53 2330
570		5 620
570		889
570		513
569		53 165 2194 2195 2196
569		165 2194 2195 2196
569		53 2194 2195 2196
569		53 165 2195 2196
569		53 165 2194 2196
569		2194 2195 2196
569		165 2195 2196
569		165 2194 2196
569		53 2195 2196
569		53 2194 2196
569		53 165 2196
569		2195 2196
569		2194 2196
569		165 2196
569		128 295
569		53 2196
569		21 189
569		2196
568		46 51 290 574
568		670 1032 1034
568		51 290 574
568		46 290 574
568		46 51 574
568		46 51 290
568		1032 1034
568		670 1032
568		290 574
568		51 574
568		51 290
568		46 574
568		46 290
568		46 51
568		1032
567		27 53 172 173 178 351 1311
567		53 172 173 178 351 1311
567		27 172 173 178 351 1311
567		27 53 173 178 351 1311
567		27 53 172 178 351 1311
567		27 53 172 173 351 1311
567		27 53 172 173 178 1311
567		27 53 172 173 178 351
567		172 173 178 351 1311
567		53 173 178 351 1311
567		53 172 178 351 1311
567		53 172 173 351 1311
567		53 172 173 178 1311
567		53 172 173 178 351
567		27 173 178 351 1311
567		27 172 178 351 1311
567		27 172 173 351 1311
567		27 172 173 178 1311
567		27 172 173 178 351
567		27 53 178 351 1311
567		27 53 173 178 1311
567		27 53 173 178 351
567		27 53 172 351 1311
567		27 53 172 178 1311
567		27 53 172 178 351
567		27 53 172 173 1311
567		27 53 172 173 351
567		27 53 172 173 178
567		173 178 351 1311
567		172 178 351 1311
567		172 173 351 1311
567		172 173 178 1311
567		172 173 178 351
567		53 178 351 1311
567		53 173 178 1311
567		53 173 178 351
567		53 172 351 1311
567		53 172 178 1311
567		53 172 178 351
567		53 172 173 1311
567		53 172 173 351
567		53 172 173 178
567		27 178 351 1311
567		27 173 178 1311
567		27 173 178 351
567		27 172 351 1311
567		27 172 178 1311
567		27 172 178 351
567		27 172 173 1311
567		27 172 173 351
567		27 172 173 178
567		27 53 178 1311
567		27 53 178 351
567		27 53 173 178
567		27 53 172 1311
567		27 53 172 351
567		178 351 1311
567		173 178 1311
567		173 178 351
567		172 351 1311
567		172 178 1311
567		172 178 351
567		172 173 1311
567		172 173 351
567		53 178 1311
567		53 178 351
567		53 173 178
567		53 172 1311
567		53 172 351
567		27 178 1311
567		27 178 351
567		27 173 178
567		27 172 1311
567		27 172 351
567		178 1311
567		178 351
567		172 1311
567		172 351
567		21 153
567		360
566		6 27 51 130 267
566		27 51 130 267
566		6 51 130 267
566		6 27 130 267
566		6 27 51 267
566		6 27 51 130
566		51 130 267
566		27 130 267
566		27 51 267
566		6 130 267
566		6 51 267
566		6 27 267
566		6 27 130
566		6 27 51
566		2 81 867
566		130 267
566		51 267
566		27 267
566		6 267
566		6 27
566		181
565		670 1004 1032 1034
565		1004 1032 1034
565		670 1004 1034
565		670 1004 1032
565		1004 1034
565		1004 1032
565		670 1004
565		572 575
564		27 63 100 101 108 109 120
564		63 100 101 108 109 120
564		27 100 101 108 109 120
564		27 63 101 108 109 120
564		27 63 100 108 109 120
564		27 63 100 101 109 120
564		27 63 100 101 108 120
564		27 63 100 101 108 109
564		100 101 108 109 120
564		63 101 108 109 120
564		63 100 108 109 120
564		63 100 101 109 120
564		63 100 101 108 120
564		63 100 101 108 109
564		27 101 108 109 120
564		27 100 108 109 120
564		27 100 101 109 120
564		27 100 101 108 120
564		27 100 101 108 109
564		27 63 108 109 120
564		27 63 101 109 120
564		27 63 101 108 120
564		27 63 101 108 109
564		27 63 100 109 120
564		27 63 100 108 120
564		27 63 100 108 109
564		27 63 100 101 120
564		27 63 100 101 109
564		27 63 100 101 108
564		101 108 109 120
564		100 108 109 120
564		100 101 109 120
564		100 101 108 120
564		100 101 108 109
564		63 108 109 120
564		63 101 109 120
564		63 101 108 120
564		63 101 108 109
564		63 100 109 120
564		63 100 108 120
564		63 100 108 109
564		63 100 101 120
564		63 100 101 109
564		63 100 101 108
564		27 108 109 120
564		27 101 109 120
564		27 101 108 120
564		27 101 108 109
564		27 100 109 120
564		27 100 108 120
564		27 100 108 109
564		27 100 101 109
564		27 100 101 108
564		27 63 109 120
564		27 63 108 120
564		27 63 101 120
564		27 63 101 109
564		27 63 101 108
564		27 63 100 120
564		27 63 100 109
564		27 63 100 108
564		27 63 100 101
564		129 154 346
564		108 109 120
564		101 109 120
564		101 108 120
564		101 108 109
564		100 109 120
564		100 108 120
564		100 108 109
564		100 101 109
564		100 101 108
564		63 109 120
564		63 108 120
564		63 101 120
564		63 101 109
564		63 101 108
564		63 100 120
564		63 100 109
564		63 100 108
564		63 100 101
564		27 109 120
564		27 108 120
564		27 101 109
564		27 101 108
564		27 100 109
564		27 100 108
564		27 63 120
564		27 63 101
564		27 63 100
564		154 346
564		129 346
564		109 120
564		108 120
564		101 109
564		101 108
564		100 109
564		100 108
564		63 120
564		63 101
564		63 100
563		128 572 574 575
563		572 574 575
563		169 447 482
563		128 574 575
563		128 572 575
563		128 572 574
563		574 575
563		572 574
563		447 482
563		169 482
563		151 707
563		128 1150
563		128 575
563		128 574
563		94 190
563		37 309
561		2 65 546
561		234 235
561		235
561		234
560		1 5 285 309
560		5 285 309
560		1 285 309
560		1 5 309
560		1 5 285
560		285 309
560		1 285
559		255 374
559		1320
557		94 384 1354 1996 1998
557		384 1354 1996 1998
557		94 1354 1996 1998
557		94 384 1996 1998
557		94 384 1354 1998
557		94 384 1354 1996
557		2 128 151 407
557		1354 1996 1998
557		384 1996 1998
557		384 1354 1998
557		384 1354 1996
557		94 1996 1998
557		94 1354 1998
557		94 1354 1996
557		94 384 1998
557		94 384 1354
557		2 151 407
557		2 128 407
557		1996 1998
557		1354 1996
557		384 1998
557		384 1354
557		94 1998
557		94 1354
557		81 482
557		2 407
556		81 158 166
556		9 57 376
556		81 166
556		76 920
556		57 376
556		9 376
555		27 53 415 416
555		9 123 454 486
555		123 454 486
555		53 415 416
555		27 415 416
555		27 53 416
555		9 454 486
555		9 123 486
555		9 123 454
555		454 486
555		415 416
555		123 486
555		123 454
555		53 416
555		27 416
555		9 454
555		9 123
555		416
554		7 200 872
554		368 480
554		200 872
554		98 113
554		53 138
554		13 322
554		7 872
554		1013
554		597
554		480
553		706 1429
553		597 598
552		2 7 236 309
552		9 165 172
552		7 236 309
552		2 7 309
552		2 7 236
552		9 172
552		9 165
552		7 236
552		823
552		503
551		131 132 243
551		27 107 113
551		132 243
551		131 243
551		2 307
551		296
550		2 233 403 1005
550		233 403 1005
550		53 299 325
550		2 403 1005
550		2 233 1005
550		2 233 403
550		403 1005
550		233 1005
550		233 403
550		76 378
550		2 403
550		2 233
549		53 316
549		506
548		65 128 546
548		5 152 207
548		2 33 63
548		152 207
548		128 546
548		128 308
548		53 617
548		33 63
548		5 207
548		2 33
547		7 138 200 349 719 1084
547		138 200 349 719 1084
547		7 200 349 719 1084
547		7 138 349 719 1084
547		7 138 200 719 1084
547		7 138 200 349 1084
547		7 138 200 349 719
547		200 349 719 1084
547		138 349 719 1084
547		138 200 719 1084
547		138 200 349 1084
547		138 200 349 719
547		7 349 719 1084
547		7 200 719 1084
547		7 200 349 1084
547		7 200 349 719
547		7 138 719 1084
547		7 138 349 1084
547		7 138 349 719
547		7 138 200 1084
547		7 138 200 719
547		7 138 200 349
547		349 719 1084
547		200 719 1084
547		200 349 1084
547		200 349 719
547		138 719 1084
547		138 349 1084
547		138 349 719
547		138 200 1084
547		138 200 719
547		138 200 349
547		7 719 1084
547		7 349 1084
547		7 349 719
547		7 200 1084
547		7 200 719
547		7 200 349
547		7 138 1084
547		7 138 719
547		7 138 349
547		719 1084
547		349 1084
547		349 719
547		200 1084
547		200 719
547		200 349
547		138 1084
547		138 719
547		138 349
547		53 114
547		7 1084
547		7 719
547		7 349
546		113 114 228 378 386 1661
546		114 228 378 386 1661
546		113 228 378 386 1661
546		113 114 378 386 1661
546		113 114 228 386 1661
546		113 114 228 378 1661
546		113 114 228 378 386
546		228 378 386 1661
546		114 378 386 1661
546		114 228 386 1661
546		114 228 378 1661
546		114 228 378 386
546		113 378 386 1661
546		113 228 386 1661
546		113 228 378 1661
546		113 228 378 386
546		113 114 386 1661
546		113 114 378 1661
546		113 114 378 386
546		113 114 228 1661
546		113 114 228 386
546		113 114 228 378
546		21 98 112 371
546		378 386 1661
546		228 386 1661
546		228 378 1661
546		228 378 386
546		114 386 1661
546		114 378 1661
546		114 378 386
546		114 228 1661
546		114 228 386
546		114 228 378
546		113 386 1661
546		113 378 1661
546		113 378 386
546		113 228 1661
546		113 228 386
546		113 228 378
546		113 114 1661
546		113 114 386
546		113 114 378
546		113 114 228
546		98 112 371
546		21 112 371
546		21 98 371
546		386 1661
546		378 1661
546		378 386
546		228 1661
546		228 386
546		158 545
546		143 2199
546		114 1661
546		114 386
546		114 228
546		113 1661
546		113 386
546		113 228
546		27 965
546		21 371
546		1661
546		1299
546		339
545		2 3 9
545		486 549
545		1775
544		27 88 961
544		88 961
544		27 961
544		2 425
544		2 363
544		928
543		52 193 385 486
543		193 385 486
543		52 385 486
543		52 193 486
543		658 803
543		385 486
543		193 486
543		105 228
543		76 113
543		52 486
543		37 397
543		27 133
543		803
542		120 722 1050 1320 1321 1322
542		722 1050 1320 1321 1322
542		120 1050 1320 1321 1322
542		120 722 1320 1321 1322
542		120 722 1050 1321 1322
542		120 722 1050 1320 1322
542		120 722 1050 1320 1321
542		1050 1320 1321 1322
542		722 1320 1321 1322
542		722 1050 1321 1322
542		722 1050 1320 1322
542		722 1050 1320 1321
542		120 1320 1321 1322
542		120 1050 1321 1322
542		120 1050 1320 1322
542		120 1050 1320 1321
542		120 722 1321 1322
542		120 722 1320 1322
542		120 722 1320 1321
542		120 722 1050 1322
542		120 722 1050 1321
542		120 722 1050 1320
542		1320 1321 1322
542		1050 1321 1322
542		1050 1320 1322
542		1050 1320 1321
542		722 1321 1322
542		722 1320 1322
542		722 1320 1321
542		722 1050 1322
542		722 1050 1321
542		722 1050 1320
542		120 1321 1322
542		120 1320 1322
542		120 1320 1321
542		120 1050 1322
542		120 1050 1321
542		120 1050 1320
542		120 722 1322
542		120 722 1321
542		120 722 1320
542		120 722 1050
542		1321 1322
542		1320 1322
542		1320 1321
542		1050 1322
542		1050 1321
542		1050 1320
542		722 1322
542		722 1321
542		722 1320
542		722 1050
542		120 1322
542		120 1321
542		120 1320
542		120 1050
542		120 722
542		1322
542		1321
