;FPClose;Charm;LCM;DCIClosed;AprioriClose
0.5;184.33000946044922;184.33026885986328;368.6600112915039;184.33000946044922;368.6600112915039
0.45;368.6600112915039;184.33009338378906;184.33000946044922;184.33000946044922;184.33000946044922
0.4;184.33000946044922;184.33009338378906;184.3299789428711;184.3299789428711;368.6599807739258
0.35000000000000003;184.3299789428711;368.6599807739258;184.3299789428711;184.3299789428711;184.3299789428711
0.30000000000000004;184.3299789428711;184.3299789428711;368.6599807739258;368.6599884033203;184.3299789428711
0.25000000000000006;184.3299789428711;184.3299789428711;368.6670379638672;368.66778564453125;184.3299789428711
0.20000000000000007;184.3299789428711;184.3299789428711;737.3231201171875;552.9977951049805;184.3299789428711
0.15000000000000008;184.3299789428711;184.3299789428711;737.3361892700195;737.3668518066406;184.3299789428711
0.10000000000000007;184.3299789428711;184.3299789428711;1290.3313751220703;1105.9839324951172;184.32999420166016
