4 14 7 7 6 6 0 9 6 10 11 9
14 0 0 14 5 7 1
9 6 10 11 9 19 5 4 10 10 14 1 16 1
5 7 15 15 5 0 5 9 7 15 1 16
7 0 0 16 16 4 14 7 7 6 0
5 5 15 0 0 0 5 1
16 14 19 2 0 15 7 7
0 14 9 6 10 11 9
7 6 4 6 5 6 0 5 4 1 16
16 16 16 19 6 10 9
7 0 0 14 0 1 0
14 8 1 5 12 1 9 0
9 6 10 11 9 16 4 12
0 0 16 14 1 5 3 16 1 5 7
15 5 1 5 7 3
0 0 0 6 1 14 16 14 0 7 0 0
5 6 0 8 5 4 1 16 5 15 7 1
9 9 6 10 11 9 15 5 0 0 0 6 1
16 4 12 5 9 7 15 1 16
14 0 1 0 7 0 0 5 5 15 5 0 15 13
19 5 4 10 6 10 14 1 16 1 16 16 16 19
5 0 13 9 6 10 11 9 14 8 14 14 8 14 0 7 14
16 4 12 0 14 0 0
4 5 8 6 12 1 9 0
0 7 2 5 7 14 0 7
16 16 16 19 16 14 7 17 15 0
7 14 14 8 14 5 7 1 7 0
0 7 17 14 9 16 16
0 5 1 14 8 14 6 5 0 1 0
9 6 10 11 9 0 16 16 16 19
16 1 5 7 0 0 7 6 1
4 14 7 7 6 6 0 1 5
9 6 10 11 9 7 0 1 6 0 0
14 0 9 1 17
4 14 7 7 6 6 0
0 7 17 9 7 6 7
9 10 11 9
5 6 8 5 4 1 16 6 0 15 0
4 14 7 7 6 6 0
19 5 4 10 6 10 14 1 1
0 16 9 15
5 5 5 7 0 0 0 7 17 14
14 8 14 0 10 9 6 10 11 9
7 0 14 0 1 0 0 7 7 0 0 4 5 8 6
16 4 12 14 0 0 14 1 5
16 14 7 17 15 0
14 0 9 1 17 14 0 9 1 17
0 7 17 9 7 6 7 0 0 16 14
0 0 13 14 9 1 17 1 15 6 7 14
0 7 10 19 14 0 1 0 5 6 5 0 1 0
15 16 10 6 6 4 14 7 7 6 6 0
4 14 7 7 6 6 0
14 0 1 0 5 15 5 9 6 10 11 9
1 15 6 16 16 7 6 4 6 0 6 7
0 7 0 0
0 7 17 14 9 0 16 9 15
4 7 7 6 6 0
5 4
4 14 7 7 6 6 0
5 6 0 8 5 4 1 16
9 6 10 11 9
0 9 5 19 5 4 7 1 15 0
19 5 4 10 6 10 14 1 16 1 16 14 5 7 4 1
0 9 15 0 14 0 0 7 0 0
0 9 5 9 6 10 11 9
9 6 10 11 9 1 5 5 12 5
14 0 1 0 9 6 10 11 9 7 8 0 4 5 8 6
0 7 17 14 9 16 14 0 7 17 14 9
14 0 9 1
16 16 16 19 0 0 0 0
12 1 9 0 5 0 15 13
16 14 7 17 15 0 1 5 7 3 15 5
16 4 5 9 7 15 1 16 0 1 17
13 9 14 14 0 0 14 7 8 0
0 14 5 7 1 7 10 19
7 0 9 0 0 17 1 5 7 5 0 13
14 0
4 5 8 6 9 6 10 11 9
9 6 10 11 9 9 1 17 9 16 0 7 0 0 13
4 5 8 6 5 5 15 14 0 1 0
0 16 9 15 15 9
6 5 0 1 0 7 6 0 7 10 19 13 2 9 14 0
4 5 8 6 0 7 17 9 7 6 7
14 0 9 1 17 7 0 0 5 1 4 5 8 6
14 0 14 4 5 6
9 6 10 11 9 0 6 7
0 7 17 9 7 6 7
1 0 0 7 14 0 7 17 14 9
14 9 1 17 0 0 9 0 0 17 7 14
7 6 15 14 0 0 14 4 5 8 6
0 7 19 0 0 4 5 8 6
0 7 17 14 9 8 6 0 15
0 14 0 9 1 17 4 14 7 7 6 6 0
7 0 19 5 4 10 6 10 14 1 16 1
0 0 16 14 0 1 0
5 6 0 8 5 1 16 2 9 14
5 6 0 8 5 4 1 16 3 7
15 9 14 0 0 14
7 0 0 0 5 0 5 1
7 18 15 8 5 0 15 7 0 0
0 0 14 0 0 14 0
16 4 12 7 10 19 14 0 1 0
12 1 9 0 5 9 7 15 1 16
7 0 14 1 9 5 1 5 7 3 1 5
1 5 6 15 5 1 5 5 5 15
5 0 15 13 5
4 14 7 7 6 6 0 5 8 5 4 1 16
19 2 0 15 7 7 16 16 1 5 14 8 14
7 0 14 9 5 0 14 1 9 7 0 0 13
14 8 14 14 8 14
0 7 17 9 7 6 7
0 7 1 5 7 3 14 0 9 1 17 7 0 0
14 0 9 1 17 1 5 16 4 12
14 0 9 1 17 14 0 5 16
14 8 14 13 2 19 5 4 10 6 10 14 1 16 1
14 0 1 0
0 16 9 15
14 0 9 1 17 2 0 7 10 19
0 0 0 1 5 9 7 6 9 6 10 11 9
0 9 15 5 6 5 5 5 15
16 4 12 9 6 10 11 9
0 9 16 14 0 12 4 9 7 6 4 6
12 1 9 0 0 7 14 9 7 0 0
9 6 10 11 9
2 14 15 5 1 16 16
14 0 1 0 7 6 0 5 1 14 15 10
0 7 5 15 14 0 9 1 17
14 19 2 0 15 7 7
7 6 4 6 5 5 15 9 7 16 3 0 16 9 15
0 0 7 15 5 6 5 0 1 0
9 5 14 8 14 0 7 14 0 9 1 17
6 0 8 5 4 16 9 6 10 11 9 0
14 0 9 1 17
14 0 9 17 1 5 1 5 14 0 9 1 17
5 5 7 1 4 14 7 7 6 6 0
5 0 15 13 16 14 13 2 9 14
17 0 16 7 0 0 14 8 14
16 14 7 17 15 0 4 14 7 7 6 6 0
0 12 4 9 0 15 13
5 5 15 9 1 17 9 16 0
14 0 9 17 16 4 12
0 19 9 6 10 11 9 14 0 9 1 17
6 5 0 0 0 5 1 0 7 0 9 5
9 6 10 11 9 16 14 16 14 7 7 0 0
5 7 4 1 9 6 11 9 5 6 0 8 5 4 1 16
14 8 14 9 6 9 15 5 14 0 5 16
14 0 1 0 5 7 1 7 3
15 9 16 16 16 19 7 0 0
0 1
0 0 9 0 0 17 14 0 9 1 17
16 14 4 5 8 6
5 6 0 8 5 4 1 16 4 5 8 6
0 0 0 1 5 9
0 7 17 9 7 6 7 0 7 17 9 7 6 7
7 6 4 6 13 2
0 9 5 14 0 0 14 7 8 0 0 7 8 0 6 5 0 1 0
1 15 6 4 14 7 7 6 6 0 6 0 1 0
5 7 1 19 2 0 15 7 7
2 14 15 5 1 0 6 7
4 5 8 16 4 12
5 7 1 0 0
16 14 16 4 12 16 12 1 0 16 14 7 0 0
5 0 8 5 4 1
1 0 0 7 14 7 14
15 19 2 0 15 7 7 16 7 14 0 1
9 7 7 16 3 7 10 19 0 0 0 6 1
6 5 0 1 0 12 1 9 0
7 0 14 1 9 5 0 5 1
0 0 0 1 5 9
19 2 0 15 7 7 3 7
1 5 1 15 6 4 3 14 7 0 14 1 9 5
5 0 15 13 0 7
9 6 10 11 9 16 16 16 19
7 0 0 5 5 15 0 7
9 6 10 11 9 9 10 11 9 14 0 1 0 0
14 0 0 14 7 0 0 5 6 0 8 5 4 1 16
5 4 4 5 8 6 0
5 6 0 8 5 4 1 16
5 7 1 12 4 9 9 6 10 16 16 16
16 4 12 1 5 5 6 8 4 1 16
0 7 17 14 9
14 10 4 14 7 7 6 6 0
16 4 12
1 5 0 14 1 9 5 1 15 6 0 16 9 15
1 5 5 12 5 17 0 0 16
14 0 14 6 11 9 7 0 1 6 0
5 5 15 0 9 15 5 6 5 1 5
4 14 7 7 6 6 0
14 0 9 1 17 12 4 9
4 14 7 7 6 0 9 6 10 11 9
4 14 7 7 6 6 0
5 7 1 7 0 0 5 6 0 8 5 4 1 16
6 16 16 7 0 0 1 0 0 7 14
5 6 0 8 5 4 1 16 0 0 15 5
14 0 1 0 14 8 14
6 0 8 5 4 16
0 16 9 15 16 16 16 19 14 9 1 17
6 0 1 0 9 6 10 11 9 16 4 12
16 12 6 5 0 1 0 8 0
5 6 0 8 5 4 1 16 5 0 15 13
19 2 0 15 7 7 0 12 4 9
5 7 1 9 1 15 6
5 7 1 7 0 14 1 9 0 19 5 4 0 7 17 9 7 6 7
9 1 17 9 16 0 1 15 5 7 1
0 9 15 5 6 5 0 7
0 16 16 16 19 5 7 0 0 0 1 5 9
5 9 7 15 1 16
14 8 14 0 0 1 5 9
3 7 9 6 10 11 9
14 8 14 0 0 0 6 1 1 5 7 3
7 0 0 13
6 5 0 1 0 0 0 16 9 15
4 5 8 6
14 0 0 14 0 16 9 15 12 1 9 0
5 6 0 8 5 4 1 16
0 6 7 7 8 0 5 0 15 13 4 14 7 7 6 6 0
9 6 10 11 9 15 5 1 5 7 3
16 16 16 19 7 0
7 0 0 0 14 0 0
0 0 0 6 1 4 5 8 6
5 6 0 8 5 4 1 16
6 5 0 1 0 1 5
16 16 19 7 0 0 13
5 6 0 8 5 4 1 16
7 0 0 13 5 0 15 2 9 0 7 17 14 9 7
4 14 7 7 6 6 0
0 7 17 9 7 6 0 0 9 0 0 17
5 7 1 0 6 7 1 5 1 5 5 0 15 13
14 0 9 1 17 14 0 1 0
2 9 16 16 16 19
19 2 0 15 7 7 0 12 4 9
6 10 9 6 10 11 9 15 5 0 10
0 16 9 15 0 16 16 9 6 11 9
14 0 9 1 17 7 0 0 0 0 16 14
7 8 0 7 8 0 6 19 5 4 10 6 10 14 1 16 1
14 0 0 14 4 14 7 7 6 6 0 2 9 6 10 11 9
0 12 4 9 4 5 8 6 5 4 10 6 10 14 1 16 1
2 9 14 7 7 6
0 7 4 5 8 6 0 14 0 9 17
0 16 15 7 14 0 5 1 5 6 0 8 5 4 1 16
7 0 1 6 0 0 0 0 6 1 16 16 14 0 0 7 0 0
1 5 9 6 10 11 9 5 7 1 14 1 9
16 16 16 19 7 6
15 15 4 14 7 7 6 6 0 14 0 1 0
1 15 6 1 0 0 7 14 14 8 14
0 7 7 8 0 9 6 10 11 9
0 5 1 14 0 1 0 5 7 1
7 0 0 14 0 0 14
12 1 9 0 7 0 14 0 9 17 10 14 0 9 1 17
5 0 8 5 4 1 16 16
5 7 1 2 5 9 6 10 11 9 14 0 9 1 17
16 16 16 19
9 6 10 11 9 19 2 0 15 7 7 16 16
1 5 7 3 16 16 16 19
4 5 8 6 5 5 15 14 0 1 0
7 1 15 0 0 16 9 15
7 6 4 6 0 0 0 6 1
6 5 0 1 0 9 10 11 9 16
12 1 9 0 6 5 0 1 0
16 5 5 15 4 5 6
9 6 10 11 9 5 8 16 16 16 19
14 0 9 1 5 9 7 15 1 16 16 14
1 5 7 3 0 0 5 7 0 0
14 8 14 16 16 16 16 16 19 0 0 0 0 4 14 7 7 6 6
9 6 10 14 0 0 14 16 16 16 19
4 14 7 7 6 6 0 1 0 0 0 7
7 18 10 16 16
0 0 1 9 9 6 10 11 9
5 7 1 0 15 12
9 6 10 11 9 6 5 0 1 0
5 6 0 8 5 4 1 16 7 0 1 6 0
7 8 0 0 16 9 15 0 14 0 0
0 7 17 14 9 16 14 5 7 1 19 5 4 10 6 10 14 1 16 1
19 4 10 6 10 14 1 16 1
5 1 16 16 16 19 9 6 10 11 9
7 6 4 6 7 14 1 9 5 14 0 1 0
4 5 8 6 13 9 14 1 6
0 9 15 5 6 5 16 4 12 0 0 0 0
1 5 9 6 10 11 9
0 16 9 15 7 0 4 14 7 7 6 6 0
6 5 0 1 0
14 0 1
16 4 12 9 6 10 11 9
19 5 4 6 10 7 0 14 1 9 5
7 0 15 16 6 6 5 0 1 0
14 0 1 17 9 7 7 16 3
9 6 10 11 9 0 12 4 9 0 16 9 15
0 9 15 5 6 5 5 5 15
14 0 9 1 17 5 0 15 13 6 5 0 1 0
16 4 12 9 6 10 11 9 9 10 11 9
14 0 5 16 1 5 12 5
5 6 0 8 5 4 16
14 0 9 1 5 16 14 0 1 0 5 7 1 1 5 6
1 6 3 16 7 0 16 9 15
0 15 0 7 2 9 7 6 0 0 5 6 0 8 5 4 1 16
4 14 7 7 6 6 0 3 7
0 10 0 7 17 14 9
5 0 15 0 14 0 1 0 4 7 6 0
5 0 5 1 16 7 0 0 7 0 14 1 9 5
4 5 8 6 6 10 11 9 5 6 8 5 4 1 16
1 15 6 12 1 0
0 9 5
5 0 15 13 0 7 14 0 9 1 17 15 5
16 16 16 19 5 6 0 8 5 4 1 16
16 16 16 19 6 0 1 0 9 6 10 11 9 0
5 9 7 15 1 16 1 16 16 16 19
5 6 0 8 5 4 1 16
5 6 0 8 5 4 1 16
9 6 10 11 9 14 0 1 0 0 9 15 5 6 5
0 6 7 4 14 7 7 6 6 0 0 6 0
0 7 17 14 9 4 14 7 7 6 0
7 0 14 1 9 5
5 6 0 8 5 4 1 16 5 7 4 1
0 7 17 14 9
0 14 0 0 4 5 8 6
7 0 1 6 0 14 8 14 0 10 19
14 15 10
5 7 12 1 9 0 1 0 0
9 6 10 2 9 0 7 19
7 6 4 6 7 0 0 19 5 4
0 15 0 15 5 4 5 8 6 0 16 9 15
8 16 16 14 7 17 15 0 0 7 17 9 7 6 7
16 16 16 19 16 16 16 19
9 6 10 11 7 0 0 16 4 12
17 0 16 7 6 6 10 11 9 7
0 9 15 5 5
4 5 8 6 16 16 16 19
7 0 0 1 5 7 3 7 10 19 5 5 15
16 4 12 1 5 7 6 16 16 1 3 7
9 6 10 11 9 7 6 5 7 1
0 7 8 0 4 5 8 6
9 6 10 11 9 9 6 10 11 9 6 10 11 9
5 6 0 8 5 4 1 16
19 5 4 6 14 1 16 1 16 4 12 9 5 16 12
9 6 10 11 9 9 6 10 11 9 16 4 12
9 7 7 3 7 8 0 14 0 9 1 17 5 6 8 5 4 1 16
7 0 0 1 0 0 14 14 0 9 1 17 5 6 0 8 5 4 1 16
19 5 4 10 6 10 14 1 16 1
0 0 0 1 5 9
0 9 15 5 6 5
0 7 16 14 3 0 5 17 0 0 16
14 0 0 14 17 0 0 16 4 14 7 7 6 6 0
2 14 15 5 1
0 7 14 0 0 14 9 6 10 9
7 1 14 8 14 14 0 9 1 17
5 6 0 8 5 4 1 16
0 7 17 9 7 6 7 19 5 4 14 8
6 5 0 1 0 5 5 15
19 2 0 15 7 7 0 5 1 16 16 16 19
7 0 14 1 9 5 5 5 15
1 5 14 0 1 0 5 1
7 0 14 1 9 5
14 0 5 16 0 2 9 7 13
7 1 0 15 15 0 5 5 15
14 0 9 1 17 0 16 9 15 0
0 0 7 0 0 7 3 0 16 9 15
0 7 0 15 9 6 10 11 9 0
4 12 16 4 12 0 0 0 6 1
4 14 7 7 6 0 15 10 18 10
19 2 0 15 7 7 9 6 10 11 9
16 16 9 6 11 9 2 9
0 0 0 0 14 8 9 10 9
14 2 9 14 0 1 0 15 16 10 7 14 0 9 1 17
15 15 0 4 14 7 6 6 0 7 0 14 1 9 5
12 1 9 0 14 15 1 5 0 16 0 10
9 6 10 11 9 14 0 0 14 7 6
7 8 0 7 0 0
6 11
7 14 1 9 5 5 0 15 13
0 7 0 5 1 7 0 0 5 0 13
9 6 10 9
9 6 10 11 9 9 6 10 11 9 7 8 0
13 2 0 7
5 7 4 1 0 0 1 5 1 0 0 7 14 0 9 6 10 11 9
15 4 12 15 7 0 14 1 9 5
5 6 0 8 5 4 1 16 1 5 16 16 1
2 14 0 9 1 17 5 5 15 9 9 14 0 1 0
0 9 5 16 4 12 15 5 0 10
0 0 9 0 17 0 7 7 0 0 13 16 1 5 7
0 0 0 1 5 9 0 0 0
14 0 1 0 0 9 17
16 4 12 0 16 9 15 16 1 5 7
5 6 0 8 5 4 1 16 16 4 12
14 0 9 1 17
5 6 0 8 5 4 1 16
14 0 9 1 17 7 0 0
0 7 17 14 9 16 16 16 19 7 7 0
5 0 15 0 9 5 0 7 17 14 9 4 5 8 6
7 6 4 6 0 15
9 0 7 0 0
0 7 7 0 1 6 0 9 4 5 8 6
7 15 0
0 0 7 6 1 0 7
7 0 0 9 6 10 11 9 16 4 12 7 0 0
16 16 16 19 0 19 2 0 15 7 7 7 6 4 6
5 6 0 8 5 4 1 16
0 1 15 6 4 14 7 7 0 16 14 9 6 10 11
0 7 5 5 15 5 7 1 15 5
5 0 15 13 0 7 0 0
2 14 15 5 1 9 6 10 11 9
14 1 5 14 0 9 1 17 5 7 1
5 15 19 5 4 10 6 10 14 1 16 1 4 8 6 9 10 11 9
0 1 17
14 0 1 17
9 6 10 11 9 7 6 4 6 5 6 0 8 5 4 1 16
9 6 10 11 9 6 0 5 4 1 16
4 5 8 6 1 1 5 7 3 5 6 0 8 5 4 1 16
4 12 7 0 0 0
14 0 9 1 17 7 0 0 5 0 15 13
14 0 1 0 7 0 0 7 0 1 6 0
6 0 8 5 4 1 16 16 16 16 19
2
5 6 0 8 5 4 1 16
0 0 9 0 0 17 14 0 9 1 17 16 4 5 0 6 16
5 0 15 13 16 14 7 17 15 0 14
9 6 10 11 9 15 15 0 16 14
9 6 10 11 9 4 8 6
15 5 0 10 16 16 16 19
4 5 6
14 1 0 14 0 9 1 17 9 6 10 11 9 4 14 7 7 6 6 0
14 8 14 4 14 7 6 6 0
5 0 15 13 5 0 15 13 0 9 5
16 16 16 19
5 6 0 8 4 1 16 14 15 1 5 0 16 0 10
0 0 0 6 1 5 7 1 5 6 0 8 4 1 16
7 0 4 5 8 6 0 7
5 7 1 9 6 11 9 16 16 16 19
14 0 9 17 5 0 15 13
12 1 0 9 6 10 11 9
14 0 0 14 7 6 4 6 7 0 1 9
8 14 7 0 0 14 8 14
5 7 1 9 6 10 11 9 16 4 12
0 15 14 0 5 16 7 0 1 6 7
14 0 1 0 0 0 0 6 1 14 15 10
5 9 7 15 1 16
7 4 6 0
9 7 7 16 3 0 0 9 0 0 17
17 0 0 16 0 9 5 7 6 16 14 7 0
14 8 14 4 14 7 7 6 6 0
9 6 10 9 14 0 5 16 1 5 14 15 10
9 7 7 3 0 7 17 14 9
0 19 0 5 1 0 1 0 16 16 16 19 14 0
7 0 0 13 2 9 7 6 7 8 0
0 0 0 6 1 16 16 19 17 0 0 9 6 10 11 9
0 6 7 6 6 14 8 5 1 0 9 1 17
9 6 10 11 9
7 0 0 7 15 15 0
14 0 9 1 17
14 15 0 16 0 10 7 8 0
4 7 7 6 6 7 0 0
5 0 15 13 0 7 17 9 7 6 7
4 5 8 6 5 1
16 16 16 7 0 0 7 0 0 9 6 11 9
1 0 0 7 14 7 0 0
4 14 7 7 6 6 0 19 2 0 15 7 7
19 5 4 10 6 10 14 1 16 1
2 9 1 0
1 5 0 7 16 14 6 5 0 1 0
14 0 0 14 16 4 12
5 16 17 0 5 7 1 14 8 14 4 14 7 7 6 6 0
1 15 6 16 14 5 7 6
15 15 0 1 0 0 14
1 15 6 0 14 0 0
0 5 1 5 14 0 1 0 6 5 0 1 0
14 0 1 0 15 5 0 10 2 5 7 0 0 13
14 0 9 17 9 1 17 9 16 0 0 7 14
1 0 7 14 3 7 16 16 19
4 5 8 6 4 5 8 6
0 15 15 5 0 10 4 5 8 14 0 0 14
16 16 16 19 7 0 0 14 0
4 14 7 7 6 6 0 1 5
6 11 9 2 9 9 6 10 11 9
0 7 17 14 9 4 5 8
14 0 9 1 17 5 15
9 6 10 11 9 14 0 9 1 17
6 5 0 1 0 1 15 6
16 15 14
16 7 17 0 14 0 9 1 17 4 5 8 6
6 10 11 9 16 14 5 6 0 8 5 4 1 16
6 10 11 9 7 0 0 6 7
14 0 9 1 17 9 6 10 11 9
7 6 4 6 14 9 1 17
5 9 7 15 1 16
0 14 0 0 4 14 7 6 2 9 9 6 10 11 9
0 12 4 9 1 5 1 15 6 9 6 10 11 9
1 5 6 9 6 10 11 9 14 0 9 1
7 0 0 5 6 0 8 5 4 1 16
7 16 16 5 7 1
15 5 2 9
0 14 0 0 4 14 7 7 6 6 0
9 6 10 11 9 14 8 14
14 8 14 9 6 10 11 9
9 6 10 11 9 1 0 0 7 6 4 6 16 4 12
0 5 1 7 0 0 14 0 0 0 5 1
2 14 15 5 1 1 5
14 0 1 0 4 5 8
5 15 7 14 14 9 6 10 11 9
4 14 7 7 6 6 0 14 0 0 14
14 8 14 0 1 17 7 0 0 13
15 5 0 7 10 19
9 1 17 9 16 0 1 0 16 9 15
14 8 14 16 16 16 19
1 5 0 16 9 15 0 0 7 17 9 7 6 7
0 0 0 1 5 9
16 14 7 17 15 0 0 7 17 9 7 6 7
1 5 14 0 1 0 16 14 16 4 12
4 12 14 9 17
14 0 9 1 17 0 0 0 6 1
9 6 10 11 9
14 0 9 1 17 0 5 1 5 14
19 5 4 10 6 10 14 1 16 1 14 8 14 5 7 1
7 0 16 7 17 15 0
5 5 15 15 5 0 10
7 0 0 13 0 9 15 5 6 5 0 9 15 5 6 5
0 7 9 6 10 11 9 7 0 0
14 0 0 14 0 7 10 19 4 5 8 6 3 7 16
0 10 19 1 0 0 7 14 14 0 9 1 17
0 7 17 9 7 6 7
15 5 0 10
9 1 17 9 16 0
5 6 0 8 5 1 16
4 14 7 7 6 6 0 9 6 10 11 9
4 8 6 9 6 10 11 9
19 5 4 0 9 5 0 7
4 5 8 6 16 16 9 10 9
6 10 11 9 0 0 9 0 0 17
16 16 14 0 0 14 14 0 0 14 14 0 9 1 17
5 9 7 15 1 16 16 16 16 19 2 9
0 2 14 15 1 5 6 0 4 16
0 19 6 14 0 1 0
0 0 0 0 0 9 0 17 9 6 10 11 9
19 2 0 15 7 7 14 15 10
0 7 17 14 9 12 1 9 0
0 5 1 14 0 9 17
1 15 6 5 6 0 8 5 4 1 16
5 0 1 0 7 0 0 13
4 5 8 6 0 9 1 17 14 0 9 1 17 9 6 10 11 9
1 5 7 0 14 1 9 5 7 8 0
0 16 9 15 14 0 0 14 7 0 0 0 10 19
0 9 0 0 14 9 1 17
7 1 15 0 0 0 9 0 0 9 7 3 1 5
4 14 7 7 6 6 0 14 0 9 1 17
7 0 0 0 0 16 9 15
0 16 9 15
5 6 0 8 5 4 1 16 0 5 1
7 14 9 14 0 9 1 17 0 15
7 0 13 9 10 11 9 16 4 12 5 15
14 8 14 0 7
7 0 0 13 9 6 11 9 0 1
5 6 5 6 0 5 4 1 16 7 0 0
0 5 14 0 9 1 17 14 0 1 17
16 14 4 14 7 7 6 6 0 0 0 13
14 0 9 17 1 5 7 3
0 0 0 6 1 16 14 5 6 0 8 5 4 1 16
9 10 11 9 16 7 0 0
0 7 5 7 1 9 6 10 11 9 7 0 14 1 9 5
3 5 0 15 16 14 6 5 0 1 0 0 7 17 14 9
7 1 16 16 16 19 4 5 8 6
9 7 7 16 3 0 7
5 7 1 1 5 19 5 4 10 6 10 14 1 16 1
5 7 1 7 6 15 5 5 5 15 14 0 9 1 17
0 7 17 14 9 4 5 8 6 14 8 14
7 7 3 0 7 14 9
5 6 0 8 5 4 1 16 7 8 0
16 4 12
5 6 0 8 5 1
9 6 10 11 9 0 16 9 15
19 5 4 10 6 10 14 1 16 1
5 6 0 8 5 4 1 16
0 5 1 14 8 14 15 9 7
0 0 0 6 1 0 14 0 0
0 1 5
2 14 15 5 1
7 0 14 1 9 5
12 1 9 5 0 15 13 5 6 8 5 4 1 16
9 6 10 11 9 5 6 0 8 5 4 1 16
7 0 0 7 6 19 2 0 15 7 7 1 5 5 12 5
5 6 0 8 5 4 1 16
15 5 2 9 14 0 5 16
2 9 16 14 5 1 5 7 3
1 15 6
3 14 0 9 1 17 16 14
14 0 9 1 17 0 9 5
5 0 8 5 4 1 16 7 18 7 18 15 8 5
16 16 16 19 7 8 0 14 8 14 4 5 8 6 4 5 8 6
1 5 6 5 5 15 15 9
15 10 2 9 5 7 1 14 0 9 1 17
4 14 7 7 6 6 0 7 6
0 7 10 19 14 0 1 0 5 6 0 8 5 4 1 16
5 0 15 13 0 14 0 0
4 14 7 7 6 6 0 5 7 1
15 5 0 10 0 0 6 19 5 4 10 6 10 14 1 16 1
1 15 6
1 5 7 3 14 0 1 0 2 5 7 6
9 6 10 11 9
5 6 0 8 5 4 1 16 19 2 0 15 7 7
3 13 2 9 14 19 2 0 15 7 7
0 7 14 9 1 5 0 7
16 14 0 15 12
15 5 0 10 4 5 8 6
1 5 0 16 9 15 1 15 6
4 6 8 5 4 1 16 7 0 0 13
14 5 16 0 15 7 0 0 9 6 11 9
4 14 7 6 5 9 7 15 1 16
5 5 15 14 9 1 17 0 7 0 5 7 1
14 0 9 1 17 5 1
14 7 6 0 0 15 9 6 10 11 9
7 0 0 4 14 7 7 6 0 0 0 0 0 2 9 16 14 6 7
0 0 9 0 0 17 16 16 16 19 9 1 17 9 0
0 16 9 15 7 6 19 2 0 15 7 7 14 0 16 7 8 0
5 6 0 8 5 4 1 16
0 15 6 4 5 8 6 0 7 10 19 2 5
9 1 4 7 7 6 6 5 0 15 13
19 2 0 15 7 7 2 5 4 5 8 6 9 6 10 11 9
4 5 8 5 6 0 8 5 4 1 16 0 15
0 14 0 9 1 17 14 0 9 1 17
5 16 14 0 14 0 0 14 14 8 14
9 6 10 11 9 9 6 10 11 9
1 4 5 8 6
2 5 0 6 7 5 9 7 15 1 16
7 0 0 13 9 6 10 11 9 7 0
9 6 10 11 9 0 9 5
19 2 0 15 7 7 0 0 0 6 1 9 6 10 11 9
16 16 14 0 9 1 17 7 1 15 0 2 14 15 5 1
14 8 14 0 0 0 0 13 2 9 14 14 0 9 1 17
0 9 5 14 0 1 0 7 19 5 4
0 14 0 0 14 5 7 1 6 5 0 1 0
14 0 1 0 1 0
7 0 0 7 0 0 0 15 7 8 15 16 10 6
14 15 10 4 5 8 6 3 7
5 6 0 8 5 4 1 16 1 15 0
5 6 0 8 4 1 16
16 4 12 0 1
5 6 0 8 5 4 1 16
8 16 14 0 9 6 10 11 9 5
5 7 16 14 13 2 9 14 7 0 0 13
5 6 4 1 16 7 0 0
7 0 14 1 9 5 7 0 0
0 14 0 0 14 0 9 1 17
1 5 0 0 7 14 1 14
14 0 5 16 14 0 1 0
1 5 3 7 0 5 4 1 16 1 15 6
9 6 10 11 9 5 7 1 0 7
16 16 16 19 19 5 4 14 0 1 0 0 5 1
7 0 0 9 6 10 11 9
5 7 1
14 0 9 1 17 0 0 0 0 0 0 7 14
16 4 12 1 5 7 3 9 5
0 8 5 4 1 16 16 12 14 8
4 5 8 6 16 4 12
16 16 16 19 7 8 14 7 7 6 6
7 6 5 0 1 0 16 14
9 6 10 11 9 5 6 0 8 5 4 1 16
0 7 16 0 7 0 7 17 14 9
0 16 9 15 5 7 1 9 6 10 11 9
4 5 8 6 5 4 10 6 14 1 1
16 4 12
0 16 9 15 5 5 15
6 5 0 1 0 14 0 9 1 17
4 12 7 0 14 1 5 2 5
5 5 15 6 0 8 5 4 1 16
6 5 0 1 0
4 14 7 7 6 6 0
16 16 16 19 2
4 5 8 6 5 7 1
12 1 9 0 0 0 9 0 0 17
4 5 8 6 16 14 0 1 0
6 5 0 1 0 6 5 0 1 0 1 15 6 7 0 0
14 9 5 6 0 8 5 4 1 16
16 14 3 0 5 0 0 9 0 0 17 7 6
1 5 6 0 8 5 4 1 16
19 2 15 7 7 16 14 13 2 9 14
16 14 7 0 0
0 16 9 15 1 5
4 14 7 7 6 6 0 5 9 7 15 1 16
7 0 0 13 2 0 15 7 7
1 5 6 6 5 1 0 4 5 8 6
5 9 7 15 1 16
7 0 0 14 0 9 1 17 0 16 16 0
0 9 5 7 6 4 5 8 6 13 2
19 2 0 15 7 7
0 0 7 6 1 9 6 10 11 9
16 12 9 6 10 11 9 14 0 9 1 17
9 6 10 11 9 0 12 4 5 7 1
9 6 10 11 9 6 0 0
0 14 0 0 14 14 0 1 0
16 4 12 0 7 0 0 14 0 9 1 17
14 0 1 0 16 12 9 6 10 11 9
9 7 7 16 3 7 14
0
0 0 7 14 16 4 5 5 15
0 0 0 6 1 1 5 9 7 7 16
16 16 9 6 10 0 0 0 6 1
7 0 0 0 0 0 6 1
0 1 15 6 14 0 16
0 14 9 9 6 10 11 9
5 0 15 13
5 6 0 8 5 4 1 16 7 0 1 6 0
1 5 7 3 5 0 15 13
19 2 0 15 7 7 14 0 0 14
1 5 14 0 1 0
14 0 0 14 16 4 12
5 6 0 8 5 4 1 16 16 14 15 9 9 6 10 11 9
4 5 8 6 17 0 0 16
7 8 0 14 0 14 7 14 1 9 5
7 6 4 6 1 5
7 0 1 6 0 4
14 0 9 1 17 5 5 15 0 7
14 0 1 17 14 15 5 0 7 17 9 7 6 7
14 0 9 1 17 7 6 0 14 0 0
4 5 8 6 14 0 0 14 14 0 1 0
0 7 14 14 0 0 14 0 16 9 15 9 6 10 11 9
7 1 0 15
13 2
4 5 8 6 7 6 4 19 2 0 15 7 7
0 0 0 1 5 9 0 7 14 8 14
5 7 16 4 12 7 0 0
2 14 15 5 1 0 6 7 16 1 5 5 12 5
16 4 0 6 7 0 5 1
7 0 0 19 2 0 15 7 7 7 16 3
9 6 10 11 9 5 6 0 8 5 4 1 16
17 0 0 7 6 0 9 15 5 6 5
12 1 9 0 3 9 6 10 11 9 14 8
6 5 0 1 0
14 0 9 1 17 5 0 15 13
6 5 0 1 0 15 16 10 19 5 4
4 5 7 18 10 7 8 0
5 6 0 8 5 4 1 16
0 16 9 15 14 0 9 1 17
5 7 1 0 7 9 6 10 11 9
0 16 9 15 5 7 1
19 2 0 15 7 7 0 7 5 6 0 8 5 4 1 16
14 15 10 9 6 10 11 9 7 0 0 16
14 0 1 17 7 0 14 1 9 5 4 5 8 6
7 0 15 1 15 6 12 1 9 0
16 4 12 5 7 1 7 14
11 0 7 10 19 16 16 7 0 0 13 14 0 1 17
16 16 16 19 7 6 4 6
0 7 17 9 7 6 7
0 0 0 6 1 2 9
9 1 17 9 16 14 0 1 0
5 6 0 8 5 4 1 16 16 1 5 7
1 5 5 12 5 14 16 16
7 0 5 1 14 15 5 1
15 5 14 0 14 0 7 14 1 0
0 7 17 14 9 4 5 8 6 5 0 15 13
16 14 0 5 1 0 16 9 15 5 6 0 8 5 4 1 16
5 6 0 8 5 4 1 16
8 0 6 16 4 12 5 5
9 6 10 11 9 2 14 15 5 1
16 16 16 19 16 14
0 15 0 7 17 14 9 7 4 5 8 6
19 2 0 15 7 7 16 14 6 11 9 0 6 7
0 5 1 8 0 0 14 0 0 5 7 1
9 10 11 9 0 0 16 14 5 0 8 5 4 1 16
0 5 1 19 2 0 15 7 7 14 0 9 1 17
1 17 9 16 0
16 16 16 19 16 4 12
6 7 14 0 0 14
0 9 15 5 6 5 16
9 6 10 11 9 14 0 1
5 6 0 8 4 1 16 5 7 1
5 15 1 5 6 9 6 10 11 9
9 6 10 11 9 16 14 0 9 1
14 0 9 1 17 2 5 1 5 7 3 16 4 12
0 5 1
14 15 1 5 0 16 0 10 0 7
9 6 10 11 9 9 6 10 11 9 1 5 7 3
9 1 9 16 0 0 0 7 6 1
9 1 17 9 16 0
7 18 15 8 5 14 0 0 14
4 5 8 6 5 6 0 8 5 4 1 16
14 0 1 0 4 5 8 6
16 16 19 5 16
0 6 7 5 7 5 7 7 0 0 13
0 7 17 14 9 5
4 14 7 7 6 6
9 6 10 11 19 2 0 15 7 7
2 9 9 7 7 3 5
1 6 5 6 0 8 5 4 1 16 5 1 14 0 9 1 17
4 5 8 6 7 6 4 0 17
9 6 10 9
16 5 6 0 8 5 4 1 16
7 0 0 1 15 6
1 15 6 16 16 16 19
4 5 8 6
14 0 5 16 1 5 6 4 5 6 7 6
9 1 17 9 16 0 7 8 0
2 5 5 0 15 13
5 7 1 16 1 4 14 7 7 6 0 16 16 16 19
7 0 5 15 4 12 15 6 5
0 5 1 3 7 15 5 0 10 0 9 6 10 11 9
5 7 1 16 14 3 0 5 3 16 7
16 14 7 17 15 0 5 7 1
16 16 16 19 14 0 9 1 17 9 6 9 0 0
4 5 8 6 7 8 0 0 7 17 9 7 6 7
7 14 14 8 14
12 9 0
9 6 10 11 9
15 9 0 5 1 14 0 9 1 17 5 15
14 15 5 1 5 5 7 1 16 16 16 19
0 7 17 9 5 7 1
1 0 9 15 5 6 0 8 5 4 16
0 9 1 17 7 0 1 6 0
15 5 7 1 15 0
9 6 10 11 9 6 0 8 4 1 16 16 14
6 0 8 5 4 1 16
2 14 15
5 6 0 8 5 4 1 16
14 16 16 16 19
7 0 0 15 5 0 10 4 5 8 6
16 16 16 19 4 14 7 7 6 6 0
0 7 17 9 7 6 7 16 16 16 19
2 9 16 16 16 19 0 7 10 19
5 7 1 9 7 0 0 16 16 7 14 5 6 0 8 5 4 1 16
14 0 1 0 0 9 5
5 5 15 14 15 10 16 4 12 0 1 1 15 6 7 8 0
6 5 0 1 0 0 14 0 0 7 0
7 1 15 0 0 0 0 6 1 0
14 0 9 1 17
4 14 7 7 6 0 19 5 4 10 6 10 14 1 16 1
5 4 10 6 10 14 1 16 1 0 12 4 9
3 7 9 6 10 11 9
4 14 7 6 6 0
5 6 0 8 5 4 1 16 1 15 0
7 0 1 9
14 0 9 1 16 7 8 0 4 5 8
5 6 0 8 5 4 1 16 16 16 16 19
7 0 14 1 9 5 15 5 16 4 12
9 6 10 9 19 5 4 10 6 10 14 1 16 1
7 0 0 14 0 0 0 1 5 7 3
2 9 9 6 10 11 9 0 5 0 15
5 6 0 8 5 4 1 16
14 0 0 14 12 9 0 2 5 5 15 0 6 7
0 0 0 6 1 5 4 14 7 7 6 0
0 0 0 6 1 16 4 12
7 1 15 0 7 0 0 16
14 0 9 1 17 16 14
2 14 15 5 1 4 14 7 6 6
12 9 7 0 0 14 8 14
10 9 0 1 15 6 4 5 8
5 7 1
7 1 15 0 7 0 0 0 5 7 14
0 0 0 6 1 0 0 9 0 0 17 5 15
15 5
14 15 1 5 0 16 0 10 0 7
0 5 7 1 14 0 9 1 17
14 0 9 1 17 5 0 15 13
1 15 6 4 5 8 6 0 9 5 9 6 10 11 9
7 1 15 0 4 14 7 7 6 6 0
19 2 0 15 7 7 0 9 5 15 9
0 14 8 14 19 2 0 15 7 7
1 5 16 16 19 0 0
0 13 5 7 1 5 0 15 9 6 10 11 9
5 9 7 15 1 16 7 0 0 13 1 5 7 0 0
14 0 1
0 7 17 9 2 9 14 0 9 1 17 19 2 0 15 7 7
7 0 14 9 5 9 6 10 11 9
6 4 2 5 1 5 14 14
19 5 4 10 6 10 14 1 16 1
4 14 7 7 6 6 0 14 0 9 1 17
4 14 7 7 0 0 6
1 5 0 7 17 9 7 6 7
5 5 15 9 0 7 0 0 15 6
7 0 0 7 6 7 1 15 0
7 14 0 15 14 0 0 14 5 9 7 15 1 16
14 0 1 0 5 7 1 5 5 15
17 0 0 16 5 7 1 0 0
9 6 10 11 9
4 14 7 7 6 6 0
0 7 15 10 1 0 0 7 14
9 6 10 11 9 0 7 17 14 9 16
9 6 10 11 9 12 1 9 0
7 0 0 1 5 7 0 19 5 4 10 6 10 14 1 16 1
14 7 7 6 0 4 5 8 6
19 2 0 15 7 7
0 0 0 6 1
16 4 12 5 0 1 3 16 7 9 6 10 11 9
14 0 9 1 17 14 0 0 14
5 15 0 6 7 1 5 9 6 10 11 9
0 7 17 14 9 16 16 16 19
15 4 5 8 6
0 9 6 10 11 9
5 0 8 5 4 1 16 7 0 0 13
16 16 1 5
14 0 9 1 17 7 0 0 13
19 5 4 10 6 10 14 1 16 1
14 15 10 0 17 9 7 6 7
9 6 10 9 0 5 0 9 5
5 0 15 13 0 9 15 5 6 5 1 5 1 0 0 7 14
2 5 14 0 5 16 9 6 10 11 9
7 0 0 14 0 0 16 1 5 7
7 0 0 4 7 7 6 5 7 1 16 9 10 11 9
5 7 1 5 6 8 5 4 1 16
1 5 16 14 7 17 15 0
0 7 17 9 7 6 7 0 7
16 14 7 14 14 0 9 1 17 7 17 14 9
14 0 1 0 0 0 14 14 7 0 1 6 0
15 5 7 0 14 1 9 5 16 14 5 1 15
0 0 7 9 6 10 11 9
5 7 1 14 8 14 4 14 7 7 6 6 0
16 16 12 1 9 1 15 6
7 0 5 5 15 0 16 4
6 5 0 1 0 4 5 8 1 0 0
0 0 9 0 0 17 16 4 12
0 0 0 6 1 4 12 7 8 0 0 5 1
13 2 9 14 0 7 0 7 0 0 7 6 1
16 14 15 5 0 10
0 12 4 9 1 5 6 7 0 0
0 12 9 0 14 16 4 12 6 10 11 9
6 0 8 5 4 16 0 9 5 5 15
14 0 0 14 7 0 0 13 14 0 9 1 17
2 14 15 5 1 9 5 7 0 0 13
0 0 0 6 1
16 4 12 0
1 5 14 0 0 14 15 5 0 10
0 14 0 0 0 7 17 14 9 9 6 10 11 9
5 6 0 8 5 4 1 16
7 0 0 7 0 0 0 7 17 9
0 0 0 1 5 9 7 0 0 5 1
9 6 10 11 9 14 0 9 1 17
7 0 0 1 15 9 6 10 11
7 0 0
0 0 9 0 0 17 9 6 10 11 9
16 16 19 9 6 10 11 9
4 5 8 6 0 5
14 0 9 1 17 9 7 7 16 3
5 5 15 5 6 0 8 5 4 1 16
0 7 13 14 0 1 0 5 7 1 6 0 1 0
4 5 8 6 0 7 10 19 16 16 16
7 8 0 7 0 0 14 0 9 1 17
19 2 0 15 7 7 7 1 4 5 8
13 2 9 1 17 9 16 0 12 1 9 0
7 0 1 6 0 5 6 0 8 5 4 1 16
16 14 4 14 7 7 6 6 0
14 15 10 7 8 5 0 15 13 14 7 7 6 6 0
2 9 16 14
14 0 0 14 9 6 10 11 9
0 16 9 15 14 0 0 14
14 0 9 1 17 14 0 1 0 5 7 1 7
5 6 0 8 5 4 1 16
16 16 16 19 9 5 19 5 4
1 5 6 4 14 7 7 6 6 0
14 0 9 14 0 9 1 17 1 15 6
5 0 15 14 8 14 5 6 0 8 5 4 1 16
7 8 0 7 0 0
14 0 5 16 7 6 7 0 0 0 7 0 7 17 14 9
4 14 7 7 6 6 0 0 0 19 5 4 10 6 10 14 1 1
6 10 9 4 5 8 6 2
14 8 14 5 7 1 7 0 0 1 0 0
4 5 8 6 1 0 0 14
16 1 5 7
5 0 15 13 16 16 19 16 14 0 7 17 14 9
16 4 12
0 0 9 0 17 5 7 1 15 5 0 10 2 9
7 0 0 13 0 6 5 0 1 0
9 6 10 11 9 0 14 0 1 0
19 2 0 15 7 7 4 5 8 6 0 0 0 6 1
1 5 6 16 4 5 0 6 16
7 0 9 6 10 11 9
9 6 11 9 14 8 14 14 0 9 1 17 19 5 4 10 6 10 14 1 16 1
14 0 5 16 2 9 1 0 0 0 6 1 4 8 6
9 6 10 11 9 9 6 10 11 9
0 0 0 6 1 16 14 9 1 17 9 16 0
14 0 1 0
6 8 5 4 1 16 16 16 16 19
14 0 9 1 17 0 9 0 0 17 15 5 0 15 13
2 9 16 16 16 19 5 9 7 15 1 16
14 8 14 6 10 11 9 14 0 1 0 0 15
0 6 7 8 14 5 8 6
5 6 0 8 5 4 1 16 19 5 4 10 6 10 14 1 16 1
0 0 0 6 1 5 6 0 8 5 4 1 16
4 14 7 7 6 6 0 16 4 12 0
16 4 12 0 16 9 15 16 14
16 14 5 6 0 8 5 4 1 16
5 7 1
0 7 1 5 1 5 5 6 0 8 1 16
16 16 16 19 3 4 14 7 7 6 6 0
7 6 4 6 0 12 4 9 7
5 6 0 8 5 4 1 16
15 4 14 7 7 6 6 0
16 16 16 19 9 6 10 11 9 5 5 15
5 9 7 15 1 16 5 7 1
0 5 1 0 16 14 7 0 0
0 7 17 14 9 7 6 1 5 1 5
