38 17 21 23 0 13 20 21 21
21 38 24 2 24 10 4 21
6 21 38 20 4 30 24 21 21 38 23 38 21 17
0 13 20 21 21 27 31
10 27 24 38 21 19 38 35
27 21 18 37 3 21 33 24 27 0 10 21
38 21 5 24 21 15 38 5 9 4 23 18
24 38 21 19 38 35 16 21 18 21 19 19
21 16 13 38 8 8
27 5 33 38 17 21
2 38 24 38 21 19 38 35
24 21 21 38 23 38 21 17
7 8 5 0 0 21 3 21
2 38 38 20 21 33 27 30 21 24 37 20 10 24 7 19
19 34 38 19 19 9 9 0 24 16 6 38 35 5
30 37 8 35 37
21 38 17 12 20 21
20 8 30 9 35 38 21 16 13 38
21 27 3 21 8
21 38 35 34 38 12 36 38 6 24
18 3 19 15 9 27 21 19
37 3 21 38 38 6 24 18 17 38
38 11 15 9 38 23
35 38 34 38 12 36 2 38
0 27 24 38 27 31
5 24 27 31 24 38 21 19 38 35
23 27 21 21 37 10 27
9 17 21 9 21 23 15 21
20 8 30 3 38 30 21 38 24 2 30 2 38
24 6 38 20 4 30 23 20 19 5
33 24 27 0 10 21 8 9
38 24 7 19 8 17 2 38
20 17 35 21 21 15
21 6 21 38 20 8 9 3 38 23 35 21 21 38 8 4 24 33
8 22 23 24 24 19 27 38 38 5 38
6 38 35 5 9 38 30 37 8 21 17 21 8 27
20 18 8 9 2 8 19 5 13 23 23 38
5 20 21 12 21 4 18 17 38 30 2 38 35 38 34 38 12 36
8 9 4 38 12 21 21 19 23 24
8 17 13 4 23 17 2 38 12 0 23 21 8 35 27
6 38 35 5 37 3 21 10 27
21 9 19 8 24 17 33 24 24 20 21 37 38 27 3 12
19 38 6 21 38 20 4 30
18 8 39 19 24 0 27 24 38 38
32 38 3 19 5 0 36 3 27 21 20 5
10 27 20 21 21 9 38 8 9 17 34
20 17 35 21 10 27
21 16 13 38 12 19 23 21 4 18 8 38 8 21 16 13 38
9 9 0 24 16 15 20 30 35 38
17 18 27 37 24 19
9 9 0 24 16 24 38 21 19 38 35 9 21 15 21
9 21 23 15 0 13 20 21 21
24 24 38 27 18 12 19 19 27 38 38 5 38
33 24 27 0 10 21 0 13 20 21 21
38 34 20 3 8 17 9 23 19 6 20 19 19 21 33 27
10 27 24 21 8 17 9
17 20 23 9 23 37 8
12 19 23 21 4 8
9 21 23 15 21 24 23
2 38 38 6 24 10 27 24 21 11 23 35
9 21 23 15 21 8 17 9 23
23 8 9 3 23 23 38 6 24 12 19 23 21 4
21 16 13 38 30 2 38 21 19 38 23 24
38 20 4
8 24 17 20 18 8 9 2
38 8 9 17 34 27 5 33 38 17 21
24 7 38 21 19 9 8 8
5 23 19 15 22 9 21 18 8 39 19 24
5 33 38 17 21 20 17 35 21
21 20 6 21 38 20 4 30
24 38 21 19 38 35
18 27 37 24 19
35 38 34 38 12 36 18 17 38
20 19 38 19 24 9 24 21 21 38 23 38 21 17
18 3 19 15 9 27 20 19 38 19 24 24 38 18 3 19 15 9 27
9 4 20 23 37 3 21 23 8 9
20 5 23 17
21 16 38 38 37
24 33 29 21 19 24 24 38
5 23 15 22 9 21 19 27 38 38 5 21 9 8 9 19 21
12 0 21 15 21 24 2 21 38 9 4 20 23
5 20 21 38 19 9 8 8 24 21 21 38 23 38 21 17
24 38 21 19 38 35 22 23 24 38 20 3
18 8 39 19 24 20 18
23 17 9 19 23 23 21 19 21 33 27
20 21 19 9 21 16 13 38
21 23 21 38 38 9 9 0 24 16
20 21 33 27 11 15 38 18 21 21 19 24 38
21 9 19 24 22 24 38 21 19 38 35
17 21 38 6 24 8 9 24 16
38 21 19 9 8 8 24 7 19
8 24 17 21 38 21 9 10 4 21
20 17 35 21 21 38 21 9
29 27 19 18 8 39 19 33 27
22 23 24 12 19 36
21 21 38 8 4 24 33 8
20 21 21 38 24 18 38 8 9 17 34
20 21 19 9 2 38 18 3 38 15 9 27
37 3 21 9 38 38 20 3
18 3 19 15 9 27 8 5 12 0
24 7 19 5 8 38 19 38 8 9 17 34
37 38 27 12 21 21
27 5 33 38 17 21
38 34 20 3 24 21 38 23 38 21 17 9 21 23 15 21
9 21 23 15 21 12 0
18 3 19 15 9 27 19 34 38 19 19
9 4 20 21 38 24 2
27 38 18 24 23 20 19 5 19 30 0
27 18 12 19 30 37 8 35 37 21 33 27
6 21 38 20 4 38 5 13 23 23 38 23 17 21 27 21 21
8 18 30 21 15 24 10 21 38 21 9 10 27 18 3 19 15 9 27
13 27 19 24 12 21 21
18 27 18 33 5 20 21
8 24 17 33
19 34 38 19 19 24 38 8 19 9 5
5 35 39 21 10 27
18 27 37 24 19 10 27 19 9 38 20
24 38 21 19 38 35
12 21 21 21 18 38 2 21 21
13 27 19 24 21 12 21 21
20 21 33 27 29 38
24 24 38 2 38 23 23 38 10 21 19 19
2 38 21 38 9
33 24 27 0 10 21 20 21 33 27
24 21 21 38 23 38 21 17
20 17 35 21
8 20 21 30 9 35 38 18 38 35 38 34 38 12 36
19 38 9 4 20 23 11 38
24 38 9 5
30 37 35 37 8
0 38 19 34 38 19 19 23 27 21 21 16 13 38
21 30 37 8 35 37
21 21 38 8 24 33 18 8 38 8 21 21 38 4 24 33
5 21 20 18 21 38 19 36 9 4 38 7 5
5 20 21 8 9 9 0 24 16 21 38 19 36 24 23
0 13 20 21 21 19 21 6 20 19 19
9 4 20 23 38 34 20 3
6 38 35 5 18 8 4 9 33 20 21 30 21
21 38 19 36 27 5 33 38 17 21 6 38 35 5
30 2 38 21 20 19 21 24 21 24 19 6 38
23 17 8 39 19 24 18 8 38
38 37 33 24 27 0 10 21 23 17
38 30 29 38 27 31
9 0 24 16 18 17 38 21 13
12 19 23 21 4 10 12 19 23 21 4
10 27 24 21
5 20 21 8
8 18 30 21 15 24 21 38 24 2
38 5 13 33 24 27 0 10 21
21 21 20
21 9 19 5 24 8 5
21 21 38 8 4 24 33 20 18
23 27 21
0 38 18 22 23 24
5 23 19 15 22 9 21
20 5 38 34 20 3
9 21 19 18 27 37 24 19 0 0 3 21 24 24 38 20 18
38 8 9 17 34 22 23 24 20
0 27 24 38
21 16 13 38 9 18 8 38 8
37 3 21 20 19 38 19 12 19 23 21 4
23 38 20 20 34 27 18 23 38 18 19 34 38
18 38 38 18 38 18 24 18 8 19
10 27 24 7 19 21 37 38 27
3 27 21 21 21 15 38 34 20 3
9 4 20 23 9 4 38 35 21 18 2 21 21
21 9 8 9 19 21 38 19 36
24 38 21 19 38 35
10 27
5 23 19 15 22 9 21 8 17 13 4
35 38 30 23 23 38
5 20 27 31 21 24 21 2 37 3 21 23 19 15 22 9 21
5 20 21 19 27 38 38 5 38 12 21 21 9 21 21
30 3 38 30 22 23
8 19 19 23 38 0
0 18 22 23 24 21 38 24 2
5 20 21 9 4 20 23
8 17 9 23 23 38
32 38 3 19 5 0 36
35 38 34 38 36
9 9 0 24 16 24 38 8 19 9 5
12 21 21 19 23 24
8 21 23 21 38 12 21 21
38 34 20 3 35 38 34 38 36
24 4 21 21 38 19 36 23 20 19 5 0 27 24 38
21 19 19 38 5 13 21 21 38 8 4 24 33
21 19 33 19 6 18 24 23
18 3 19 15 9 27 21 18 27 31
3 27 21 21
12 21 21 38 34 20 3
10 27 20 35 21 20 33 27
22 23 24 6 21 38 20 4 30 23 38 18 19 38
20 5 8 39 19 24 21 20
21 18 38 2 21 21 12 0
27 18 12 19 9 21 23 15 21 37 3 21
0 13 20 21 21 35 38 34 38 12
8 24 17 33 18 21 8 30 3 38
21 21 20 23 21 27 9 5 19
2 38 4 18 21
18 38 9 38 18 21 21 20 19 21 24 21 24 23 19 6 38
5 20 21 18 8 39 19 24
27 5 33 38 17 21 18 8 38 8
38 8 9 17 34 7 8 5 9 4 20 23
30 2 38 34 3 23 23 38 20 17 35 21
24 20 38 8 1 30
27 5 33 38 17 21 30 2 38 30 3 38 30 8 24 17 33
3 27 21 21 24 24 38 20 21 33 27
24 38 8 19 9 5 9 21 20 5 9 9
12 0 21 21 38 8 4 24 33
18 8 38 8 10 27 19 21 6 20 19 19
19 27 38 38 5 38 38
38 34 20 3 21 38 21 9
30 29 38 21 21 20
9 21 21 35 38 34 38 12 36 21 9 19 37 3 21
10 27 23 17 7 8 5 3 27 21 21
23 17 8 24 17 33 21 18 38 2 21 21
29 15 27 19 2 38 20 17 35 21
21 18 38 2 21 21 8 21 38 21
3 27 21 21 17 20 23 9 23 37 8
12 0 15
6 21 38 20 4 30 37 24 38 21 19 38 35
24 24 38 30 3 38 30
37 3 21 38 19 21 6 20 19 19
21 12 38 24 38 21 19 38 35 2 38 7 8 5
21 38 24 2 38 34 3 7 38 34 20 3
19 27 38 38 5 38 18 19 18 18 3 19 15 9 27
20 21 33 27 27 38 18 24
12 19 23 21 4 35 38 34 38 12 36
21 21 9 19 12 19 23 21 4
30 37 8 35 37 38
12 21 21 38 21 9 20 35 21 8 8 18 30 21 15 24
23 23 38
24 38 21 19 38 35 20 5
20 9 35 38 21 21 27 9 37
21 15 0 38
21 21 20 19 21 24 21 24 23 19 6 38
27 31 27 21 21 21 37 38 27 18 17 38 9 27 21
0 13 20 21 21 21 21 20 38 34 20 3
9 21 19 8 38 21 37 3 21
24 24 38 20 19 21 38 19
12 19 23 21 4 11 23 35
21 21 18 0 13 20 21 21 24 24 38
18 27 37 24 19
38 21 19 9 8 8 17 10 27
21 21 38 23 38 21 17 38
38 34 20 3 10 27 24 21 24 38 21 19 38 35
21 38 21 9 21 18 27 31 18 8 39 19 24
21 21 20 19 21 24 21 24 23 19 6 38
12 21 23 24 6 20 21 27
8 24 17 33
27 18 12 19 38 5 23 17 17 21 27 21 21
21 21 38 8 4 24 33 9 9 0 24 16
21 16 13 38
18 38 9 38 18 38 8 9 17 34
38 9 20 36 30
38 8 9 17 34 34 20 3 8 17 33
24 23 8 9 4 38
30 37 8 35 21 37 38 27 24 19
38 8 19 9 5 18 17 38
24 23 21 4 8 36 10 23 21 8 27 9 5 19 19 18 38 9 38 18
11 38 5 21 19 38 5 13
21 21 20 19 21 24 21 24 23 19 6 38 21 21 38 8 4 24 33
20 19 38 19 24 9 6 21 38 20 4 30
9 21 23 15 21 21 23 21 38 21 21 20 24 24 20
24 24 38 23 23 38 17 21 8
24 21 21 38 23 38 21 20 21 33 27 24 23 18 21 21 19 24 38
21 9 19 21 16 13 38 8 9 4
3 27 21 21
20 21 33 6 38 22 23 24
24 38 21 19 38 35 21 21 23 21 38 8 18 21 15 24
20 21 33 27
32 38 3 19 5 0 2 38
23 21 8 9 5 19 19
27 5 33 38 21 38 12 0
11 38 21 21 20
29 15 27 19 21 16 13 38 8 18 30 21 15 24 37 3 21
38 6 24 20 17 35 21 21 9 8 9 19 21
9 21 21 23 38 18 19 34 38
5 8 38 19
27 5 33 38 17 21 21 38 17 12 20 21 5 20 21 8 13 36
10 37 8 35 37
18 38 9 38 3 21 21
9 4 38 35 38 19 8 8
20 33 24 24 38 21 24 21 2 21
24 9 22 23 24 24 21 9
23 8 9 3 38 8 17 23 0 13 20 21 21
21 15 4 18 21 19 34 38 19 19
21 16 13 38 24 21 21 38 23 38 21 17
21 19 33 19 6 18 10 27 21 9 8 9 19 21
29 15 27 19 30 29 38
19 27 38 38 38 38 21 29 15 27 19
19 21 6 20 19 19
21 24 21 21 20 27 23 20 19 5
19 38 38 4 18 21 20 33 24 24 20 20 20 34 5 20 21
17 33 20 21 19 9 19 38
21 12 38 20 27 24 7 19 24 23 10 27 24 21
21 38 21 9 37 3 21
8 9 4 38 8 24 17 33 5 20 21
21 23 21 38 23 23 38
0 38 18 20 19 38 19 8 21 37 38 27 21 15
21 15 24 5 20 21 8 13 36
5 5 19 38 21 24 21 2 21
37 3 21 20 17 35 21
21 21 18 18 8 38 8 21 21 20
21 33 19 6 18 7 8 5
38 8 9 17 34 23 21 8 35 27 30 0
20 18 21 19 36 23 27 24 7 19 38 23 0 0 21 21
18 8 38 8
12 19 23 4 38 9 4 38 35 8 38 8
21 21 21 30 3 38 30 18 8 38 8
27 18 12 19 12 0
20 17 35 21 23 17 18 8 39 19 24
27 31 38 37 0 38 18 38 5 13 11 23 35 24 21 21 38 23 38 21 17
18 9 18 8 24 17 33 12 0
34 38 19 19 9 4 20 23
21 9 8 9 19 21 8 9 4 38
20 17 35 21 21 19 33 19 6 18
24 7 19 21 19 19 6 21 38 20 4
5 20 21 8 21 16 38
8 12 0 24 21 21 38 23 38 21 17 18 8 38 8
21 33 27 23 8 9 3 38 12 19 36
6 21 38 20 4 30 20 21 33 27 18 21 21 19 24 38
38 8 9 17 34 21 38 21 9
20 20 34 10 27 24 21 0 27 24 38 2 12 19 23 21 4
21 9 19 5 5 19 38 10 27 9
21 38 17 12 20 21 8 20 19 21 38 19
5 24 9 21 23 15 21
5 20 21 38 9 38 23
0 13 20 21 21 38 21 19 33 19 6 18
38 0 0 21 3 21 20 17 35 21
0 27 24 38 21 12 38 18 3 19 15 9 27
37 3 21 37 3 21 22 23 21 8 35 27
8 24 17 33 8
0 0 21 3 21 0 13 20 21 21
20 30 19 19 23 17 24 38 21 19 38 35
21 23 21 38 23 23 38 20 17 18 8 39 19 24
21 38 17 12 20 21 38 8 9 17 34
37 3 21 21 38 19 36
24 38 21 19 38 35 21 19 27 18 12 19
20 30 19 19 20 21 33 27 22 23 24
5 23 19 15 22 9 21
8 17 23 23 23 21 19 8 19 24 35 38 34 38 12 36 18 27 37 24 19
38 12 38 0 13 20 21 21 21 21 27 9
2 38 38 8 1 30 30 38 21 38 9
38 5 20
24 21 21 38 23 38 21 17
24 38 21 19 38 35 7 8 5 23 23 21 19
8 38 8 21 21 20 24
8 21 21 20 0 27 24 38
20 19 38 19 3 12 23 27 21
5 20 21 24 24 38 37
0 0 21 3 21 20 8 20 8 27 21 18
8 18 17 38
21 38 17 12 20 21 9 9 0 24 16
9 27 21 23 21 8 27 9 5 19 19
20 17 35 21 20 17 35 21 9 19 18 20 9 17
21 38 17 12 20 21 4 18 21
9 9 0 24 16 9 35 38
9 21 21 20 17 35 21 24 38 8 9 5 5 23 19 15 22
0 27 24 38 4 18 21 12 19 23 21 4
3 0 13 20 21 21 38 21 19 9 8 8
18 21 24 38 0 0 21
24 24 38
8 18 30 21 15 24 33 24 27 0 10 21
5 23 19 15 22 9 21 20 21 19 24 38 21 19 38 35
18 8 24 18 21 21 19 24 38
12 0 18 3 19 15 9 27 38 21 19 9 8 8
9 18 8 39 19 24
20 30 9 35 38 10 27 24 24 20 21 23 21 38 37 3 21
30 29 38 9 38
37 27 38 34 20 3 27 27 38 13 21 17 9
20 17 35 21 20 19 38 19 22 23 24 33 24 27 0 10 21
20 21 27 20 17 35 21 23 17 8 24 17 33
8 24 17 33 19 34 38 19 19 20 18 37 3 21 20 8 0 38 18
21 21 20 19 21 24 21 24 23 19 6 38 21 19 33 19 6 18
24 38 21 19 38 35
10 27 0 13 20 21 21 23 23 38 24
21 9 19 35 38 30 21 23 21 38 24 2 10
9 38 35 18 8 8
27 18 12 19
38 34 20 3
27 18 12 19 10 27 9 21 23 15 21 21 38 17 12 20 21
30 5 35 39 21 24 21 21 38 23 38 17
23 17 21 37 38 0 13 20 21 21 38 21 19 9 8 8
21 9 19
21 23 21 38
38 9 17 34 27 5 33 38 17 21 18 21 21 19 24 38
20 30 9 35 38 21 16
21 19 38
19 27 38 38 5 38 19 1 38
20 17 35 21
10 27 24 21 20 17 35 21
18 27 37 24 19 30 5 35 21 24 21 2 21
21 0 27 38
4 18 21 20 17 35 21 38 34 20 37 38
35 38 30 21 23
20 30 35 38 6 21 38 20 4 30 24 22 6 38 35
18 3 19 15 9 27 24 17 33 21 21 9 21 9 19
22 23 24 19 38 38 5 38 23 23 21 19 21 16 13 38
20 35 21 20 21 33 27 37
8 23 3 8 2 9 21 24 21 2 21 11 23
30 3 38 30 22 23 24 18 8 38 8
22 23 24 23 8 9
8 24 17 33 6 38 35 5
20 19 38 19 8 24 17 33 29 8 19 18
24 8 0 13 20 21 21 38 17 12 20 21
20 17 35 20 30 9 35 38 19 9 38
18 19 18 24 7 19 30 29 38 21 21 38 8 4 24 33
18 17 38 18 17 38 10 27 2 38 37 3 21 24
0 27 24 38 23 8 9 3 38
35 38 38 12 38 5 13
21 23 21 38
33 24 27 0 10 21
27 21 18 19 18
21 38 27 20 8
20 21 33 27 22 23 24 21 24 21 2 21 20 20 34
21 24 2 22 23 24
9 4 20 23 13 27 19 24 21 12 21
23 35 8 18 30 21 15 24
3 21 21 0 21 3 21 35 38 34 38 12 36
8 19 19 35 38 34 38 12 36 18 8 38 8 18 38 9 38 18
21 18 38 2 21 21 27 22 23 24 20 18 38 21 19 9 8 8
23 21 8 27 9 5 19 19
18 8 39 24 21 21 20 21 37 38 27
12 0 21 19 38 38
9 21 23 15 21 21 23 21 38 18 8 39 19 24
18 4 18 21 12 21 21 19 23 24
6 5 8 38 19
20 21 33 27 2 38 21 18 27 38 5 13
18 21 21 19 24 38 22 23 24
5 20 2 38 27 5 33 38 17 21
18 8 38 8 21 18 27 17 21 9 38 6 24
23 38 8 10 20 18 8 9 2
8 18 30 21 15 24
2 38 21 15 24 21 19 38
37 3 21 8 17 9 23 11 23 35
18 32 38 3 19 0 11 21 19 19
8 17 9 23 38 5 13 23 27 21
37 3 21 0 18 38 9 38 18 19 30
38 18 19 34 38 24 24 38
6 21 38 20 4 30 8 17 9 23 5 23 19 15 22 9 21
38 34 20 3 23 23 38
22 23 24 20 5 21 21 38 8 4 24 33
38 21 19 9 8 8
27 5 38 17 21
23 17 17 21 27 21 21 20 21 33 27
38 8 9 17 34 0 38 18 20 21 27 24 23 18 8 39 19 24
20 17 35 21
32 19 0 36 2 38 38 38 8 9 17 34
18 19 18 2 21 9 19
21 38 21 9 23 17 17 21 27 21 21
9 4 38 35 38 11 15 9 38 23 18 8 39 19 24 8
21 9 8 9 19 21
33 24 27 0 10 21
21 33 27 9 19 18 20 9 17 38 21 19 9 8 8 38
0 27 24 38 23 8 9 0 0 21 3 21 10 27 24 21
6 21 38 20 4 30
21 9 8 9 19 21 30 29 38
38 29 15 27 19 8
20 19 21 38 19 30 5 35 39 21 21 21 20 19 21 24 21 24 23 19 6 38
18 3 19 15 9 27 8 21 21 9
13 27 19 24 21 12 21 21 27 5 33 38 17 21
12 0 20 21 19 9 10 27
21 38 21 9
21 16 13 38 6 21 38 20 4 30
18 8 39 19 24
12 0 23 20 19 5 8 9 4 38
27 18 12 19 18 27 37 24 19 17 20 23 9 23 37 8
3 27 21 21 16 13 38 17 21 8 20 18 21 38 21 9
21 21 27 9 22 23 24 24 24 38
21 9 8 9 19 21 0 0 3 21 21 38 19 36
18 3 19 15 9 27 21 38 21 10 27 24 21
10 27 20 19 38 19 2 38
12 21 21 9 21 19
21 19 19 20 20 34 5 23 19 15 22 9 21
5 23 19 15 22 9 21 21 21 27 9
8 8 24 17 33 0 0 21 3 18 8 39 19
20 21 33 27 27 38 18 24 21 18 13 20 21
17 20 23 9 23 37 8
21 21 38 8 4 24 33
21 38 21 9 10 21 15
18 17 38 10 4 23 27 18 12 19
24 38 8 19 9 5 33 24 27 0 10 21 35 34 38 12 36
21 38 19 36 38 0 13 20 21 21
11 38 5 20 21 18 3 19 15 9 27
18 8 39 19 24 21 38 19 36 27 5 33 38 17 21
35 38 34 38 36 37 3 21 21 21 38 8 4 24 33
9 24 38 21 19 38 35 21 21 20 19 21 24 21 24 23 19 6 38
9 38 21 38 17 12 20 21
38 6 24 12 0 8 24 17 33
11 38 21 19 38 3 27 21 21 24 38 8 24 17 33
20 8 21 38 19 36 19 27 38 38 5 38 21 33 27
23 21 8 27 9 5 19 19
24 21 21 38 23 38 21 17
12 21 21 19 23 24 24 38 8 19 9 5
24 21 21 38 23 38 21 17
24 24 38 18 8 38 8 2 38
27 33 38 17 21 9 4 38
23 21 38 9 21 21 27 27 38 13 21 17 9 0 13 21 21
5 20 21 38 34 3 24 38 21 19 38 35 10 27 24 38 21 19 38 35
19 21 21 32 38 3 19 5 0 36
9 4 20 23 20 21 33 27
19 27 38 38 5 38 6 21 38 20 4 30
27 5 33 38 17 21
21 23 21 38 19 34 38 19 19 22 9 17 21
27 18 12 19 23 23 38 8
18 8 38 8 20 21 0 0 21 3 38 21 19 9 8 8
35 38 38 12 21 24 21 2 21 5 21 15 24 21 21 38 23 38 21 17
21 38 34 20 3
21 23 21 38 9 21 23 21
29 38 33 24 27 0 10 21 11 23 35
0 27 24 38 27 5 33 38 17 21
8 2 38
6 21 38 20 4 30
10 27 24 21 21 16 13 38
23 38 18 19 34 38 19 38 24 20 17 35 21
38 8 9 17 34
24 21 21 38 23 38 21 17
3 12 9 9 0 24 16 22 23 24 38
38 17 21 10 21 20 19 21 24 21 24 23 19 6 38 5 21 19
4 38 35 23 21 8 35 27
9 19 18 20 9 17
0 13 20 21 21
21 19 33 19 6 18 38 19 21 21
12 21 21 19 23 24
20 30 9 35 38 19 27 38 38 5 38
10 27 30 29 38 20 18 23 23 38
18 21 21 19 24 38 9 4 38 35
20 18 38 6 2 38 5 33 38 21
9 19 1 38 5 20 13 36 8 23 3 8 2 9
21 16 13 30 3 38 30 38 18
5 21 19 18 8 38 8 7 8 5 9 21 21
33 24 27 0 10 21 21 21 20 19 21 24 21 24 23 19 6 38
29 15 27 19 21 15 9 21 23 15 21
24 21 21 38 23 38 21 17
21 23 21 38 18 27 37 24 19
23 38 18 19 34 38
20 30 9 38 12 19 23 21 4
23 21 8 35 27
38 19 21 21 5 21 19
38 18 39 9 4 38 35 21 23 21 38 23 27 21
8 30 21 15 24 5 20 21 20 18
38 21 20
21 15 23 21 27 9 5 19 19 8 17 33
18 17 38 8 24 17 33 12 21
20 21 10 2 9 21 23 15 21 21 9 19
8 23 3 8 2 9 24 38 8 19 9 5
21 21 38 8 4 24 33 38 21 19 9 8 8
38 8 9 17 34
23 20 19 5 7 8 5 5 24 20 19
24 38 10 27 6 21 38 20 4 30
10 20 17 35 21 8 38 8
6 38 35 5 38 38 37 20 8
21 18 38 21 20 17 35 21 21 21 38 8 4 24 33
35 38 34 38 12 36
6 21 38 20 30 18 38 9 38 18
24 7 19 3 23 19 22 18 17 38
24 7 19 9 4 38 35
27 37 9 19 24 10 6 38 35 5 27
10 27 24 24 38 38 21 20 30 9 35 38
10 27 37 3 21 5 19 15 22 21 21 21 20 19 21 24 21 24 23 19 6 38
24 10 9 9 0 24 16 21 4 8 36 9 21 23 15 21
19 27 38 38 5 38 10 27 21
13 27 19 24 21 12 21 21 21 19 38
23 38 18 19 34 38 24 24 38 18 17 38
18 27 37 24 19 23 9 38
8 23 20 19 5 10 27 24 21 24 9
38 3 19 5 0 36 27 5 33 38 17 21
27 27 38 13 21 17 9 24 38 21 19 38 35
18 19 18 21 8 21 0 13 20 21 21
19 27 38 38 38 21 21 35 34 12
20 21 33 27 23 38 18 19 34 38
10 18 3 19 15 9 27 37 3 21 12 19 23 21 4
24 21 21 38 23 38 21 17 21
24 20 24 38 21 19 38 35
30 37 8 35 8 6 24 20 21 27 22 23 24
23 20 19 5
20 17 35 21
38 2 24 24 38 24 22 21 38 21 9
13 27 19 24 21 12 21 21 5 20 21 2 38
23 8 9 3 38
9 9 0 24 16 21 37 38 27
21 19
38 21 19 9 8 8 38 18 39 21 16 13 9 4 20 23
18 8 39 19 24 18 19 18
13 20 21 21 0 13 20 21 21 5 20 21 24 21 21 38 23 38 21 17
21 38 17 12 20 21 9 38 35
0 0 21 3 21 10 27 21 38 17 12 20 21
21 0 27 38 38 34 3 35 38 30 21 23
22 23 24 24 38 8 19 9 5 24 7 19 12 0
23 17 17 21 27 21 21 24 22 23 24
2 38 20 20 34
23 15 21 2 38 24 8 9 5 20 17 35 21
5 24
23 17 24 38 21 19 38 35 5 20 21 35 8 24 38
9 21 19 27 0 27 24 38
20 19 38 19 21 38 21 9
38 8 1 30 18 19 18
23 21 8 27 9 5 19 19 5 23 19 15 22 21
38 17 21 27 33 38 17 21 38 24 2
21 21 20 19 21 24 21 24 23 19 6 38
9 19 18 20 9 17 23 17
21 37 38 21 15 23 23
27 18 12 19 21 21 18 38 5
21 19 38 23 27 21 29 15 27 19 5 20 21 21 21 38 8 4 24 33
23 38 0 21 19 33 19 6 18
24 22 20 17 35 21
10 27 18 12 19 24 38 21 21 20 19 21 24 21 24 23 19 6 38
9 19 1 18 33 24 21 21 38 23 38 21 17
21 19 9 22 23 24
27 18 12 19 18 38 9 38 18 18 38 20 17 35 21
38 3 27 24 38 21 19 38 35 21 15
20 21 19 24 38 21 19 38 35 32 38 3 19 5 0 36
20 21 19 9 24 21 38 21 9 20 5
18 38 21 37 38 5 13 38 8 9 17 34
18 8 39 19 24 24 9 15 19 15 27
30 5 35 39 21 38 34 20 3
21 38 24 2 10 27 24 21
5 20 35 38 34 38 12 36
20 21 21 38 8 1 30 35 38 34 38 12 36
8 23 3 8 2 9 2 38 12 0
18 20 17 35 21 21 21 18 38 21 0 13 20 21 21
20 21 33 27 12 21 8 21
27 5 33 38 17 21 9 19 1 38 27 17
19 34 38 19 19 0 13 20 21 21
38 17 21 23 21 38 9 19 9
21 21 18 22 38 9 17 21 9 19 1 38 18 39
5 20 21 21 19 33 19 6 18 24 38 21 19 38 35
22 24 10 21 38 24 2 20 17 35 21 21 16
21 21 2 21 8 24 17 33
8 18 30 21 15 24 23 23 38
3 12 38 34 20 3 20 17 35 21
37 3 21 20 21 33 27 30 3 38 30 19 27 38 38 5 38
37 3 21
12 38 30 3 30 20 21 33 27
38 8 9 17 34 19 38
20 18 23 8 35 27 19 27 38 38 5 38
27 5 33 38 17 21 21 19 9 21 21
0 38 18 8 39 19 24 21 19 33 19 6 18
8 5 21 38 9 24 7
38 8 19 9 5 20 30 9 35
23 21 8 27 9 5 19 19 20 21 19 9
20 21 33 27 3 27 21 21 38 6 24
24 38 21 19 38 35 17 21
27 27 38 13 21 17 9 18 8 39 19 24
9 4 38 35 24 7 19
24 33 29 21 19
2 38 21 21 38 23 38 17 27 21 18 2 38
22 23 24 32 3 19 0 36
18 38 9 18 21 23 21 38
24 7 19 5 23 19 22 9 21 17 35 21 24 38 21 19 38 35
19 34 38 19 19 13 27 19 24 21 21 21 38 8 9 17 34
23 38 18 19 34 38 24 17
12 21 21 18 27 37 24 19 21 9 19
0 0 21 3 21 24 38 8 19 9 5
21 38 24 2 21 13
8 24 17 33 21 9 8 9 19 21
21 38 24 2 18 8 39 19 24
23 23 38 20 18 8 23 27 21
5 23 19 15 22 9 21
19 9 38 8 9 17 34
10 27 24 21 18 3 19 15 9 27
24 21 21 38 23 38 21 17 21 37 38 27
35 38 34 38 12 36 20 38
21 18 18 21 21 38 8 4 24 33
8 17 33 8 24 17 33
23 19 30 2 38 5 21 19 30 2 38 20 36 36 38
30 2 38 0 13 20 21 21 21 16 13 38
12 21 21 27 18 12 19
21 37 38 27 20 30 35 38
18 17 21 37 38 27 38 6 24
24 9
9 21 23 15 21 22 23 24
20 9 35 38 9 9 0 24 16 18 8 39 19 24
33 24 27 0 10 21
9 9 0 24 16 20 21 33 27 27 5 33 38 17 21
8 22 23 24 21 38 20 4 30 5 23 9 9 4 38 35
20 21 33 27 24 38 30 2 38
21 38 21 9 23 21 8 35 27 6 21 38 20 4 30
12 21 21 23 38 21 38 19 36 2 38
23 17 17 21 27 21 21 10
12 21 21 19 23 24 38 19 21 21 19
6 38 35 5 23 20 19 5 21 16 13 38
9 4 38 35 30 29 38 8 24 33 27 24
24 38 21 19 38 35 5 5 19 38 8 9 17 34
22 23 24
20 19 38 19 18 21 21 19 24 38 23 21
21 9 8 9 19 21 22 23 24 21 16 13 38
2 38 38 21 21 21 20 19 21 24 21 24 23 19 6 38
20 17 35 21 17 38 9 21 21
7 8 5 9 4 20 23 30 5 35 39 21
11 32 38 3 19 5 0 36
8 24 17 33 2 38
9 19 1 38 18 21 21 19 38
5 20 21 24 38 21 19 38 35 8
21 24 21 2 21 12 21 21 9 4 20 23
27 18 12 19 20 36 36 38
21 38 21 9 21 8 35 27 38
38 21 35 38 34 38 12 36 9 8 9 2
38 19 21 21 21 37 38 27 19 9 19
38 8 1 10 20 5 21 27 5 33 38 17 21
27 5 33 38 17 21 38 21 19 9 8 8
22 38 9 17 21 20 18
21 21 20 9 21 21 23 21 8 35 27
21 18 38 2 21 21 12 0 9 21 23 15 21
9 4 20 23 33 21 38 19 36 38 21 19 8 8 22 23 24
21 21 20 22 23 38 6 24 21 23 21 38
21 19 33 19 18 21 37 38 27
24 38 21 19 38 35
21 9 19 0 27 24 38 6 21 38 20 4 30
37 3 21 18 8 39 19 24 20 18
21 38 19 36 27 23 9 21 23 15 21 34 20 3
24 24 38 9 38 5 23 19 15 22 9 21 20 17 35 21
21 19 33 19 6 18 27 5 33 38 17 21
21 13 38 21 38 21 9 10 27 38 21 24 21 2 21
13 27 19 24 21 12 21 21 8 24 17 33
38 9 20 36 30 8 17 9 23
5 20 21 3 27 21
21 23 15 21 23 17
27 27 38 13 21 17 9 21 21 2 38 21 9 8 9 19 21
24 38 6 24 38 34 20 3
5 23 19 15 22 9 21 38 8 1 30
18 27 37 24 19 0 38 18 8 20 19 38 19 21
8 17 33 38 9 20 36 30 19 38
6 21 38 20 4 30 18 3 19 15 9 18 3 19 15 9 27
0 13 20 21 21 9 27 21 21 38 21 9
38 30 29 38 2 38 22 23 24 5 21 19
20 30 19 19 30 3 38 30 24
8 24 17 33 39 8 38 34 20 3
24 23 18 38 9 38 18 38 27 21 18 21 27 27 18 12 19
5 35 38 30 21 23 24 24 20
9 21 21 10 27 12 19 23 21 4
18 3 19 9 20 17 35 21
9 19 1 38 19 34 38 19 19
24 21 21 38 23 38 21 17 21 21 20 38 5 13 9 21 23 15 21
4 18 21 0 38 18 27 5 33 38 17 21
32 38 3 19 5 0 36 38 8 1 30
27 5 33 38 17 21
20 21 33 27 10 27
5 23 19 15 9 21 20 21 33 27
24 38 21 19 38 35
11 23 35 2 38 23 27 21 6 5 8 38 19
3 19 15 9 27 29 15 27 19
18 8 38 8 6 38 35 5 21 20 19 30 3 38 30
21 21 20 8 21 38 19 21 21 30 3 38 30
21 37 27 9 4 20 23
20 17 35 21 13 27 19 24 21 12 21 21
12 21 0 13 20 21 21
0 13 20 21 20 8 30 29 38
12 21 21 23 17 24 38 9 4 38 35 30 37 8 35 37 30 29 38
33 24 27 0 10 21 21 38 27 5 20 21 6 21 38 20 4 30
5 24 11 3 12 6 38 35 27
35 38 34 38 12 36 18 3 19 15 9 27
23 8 35 27 7 8 5 18 27 37 24 19
38 18 39 27 27 38 13 21 17 9
21 38 17 12 20 21 18 27 37 24 19
19 27 38 38 5 38 8 24 17 33 23 27 21
21 9 19 13 27 19 21 12 21
2 38 8 18 8 39 19 38 24
24 38 8 19 9 5
5 20 24 7 19 9 4 38 35
0 0 21 3 21 20 21 33 27
12 19 23 21 4 20 19 38 19
21 21 38 8 4 24 33 21
20 21 33 27 8 24 17 33 30 29 38
8 9 4 38 21 38 17 12 20 21 38 5 18 21 21 20
5 20 21 20 17 35 21 0 27 24 38
2 38 9 4 38 35 37 3 21
10 23 27 21 38 19 21 21
20 17 35 21 33 24 27 0 10 21
0 13 20 21 21 10 27 24 21
8 24 17 33 8 5 20 21
21 37 38 27 11 23 35
0 13 20 21 21 21 16 13 38
38 21 5 27 18 12 19 35 38 34 38 12 36
10 27 18 38 9 38 18 18 33
24 8 24 17 33 27 5 33 38 17 21
5 23 19 15 22 9 21 5 20 21 22 23 24
9 4 20 23 8 27 27 38 13 21 17 9
35 38 34 38 12 36
22 23 24 2 38 9 4 20 23
38 8 9 17 34 8 24 17 33
9 4 38 35 5 21 19 24 38 19 9 5
9 21 21 27 5 33 38 17 21
11 23 35 10 27
21 9 19 0 13 20 21 21
24 24 38
24 21 21 38 23 38 21 17 21 19 38
23 35 23 19 22 9 4 38
3 21 21 21 10 23 23 38
9 21 23 15 21
21 21 38 8 4 24 33
12 19 23 21 4 33 38 17 21
20 5 21 21 24 21 2 21
24 21 21 38 23 38 21 17 21 19 38
3 27 21 24 24
38 8 1 30 18 3 38 19 15 9 27 8
0 13 20 21 23 21 8 35 27
17 21 8 27 24 21 38 23 38 21 17
9 19 1 38 18 3 19 15 9 27
21 38 17 12 20 21 24 24 38 38
8 24 33 9 21 23 15 21
0 21 21 21 9 19 23 20 19 5 18 8 38 8 9 21 23 15 21 9 21 23 15 21
35 38 34 38 12 36 8 19
18 17 29 15 27 19 12 0 20 17 35 21
23 27 21 24 23 0 27 24 38 19 27 38 38 5 38
18 8 39 19 24 38 21 30 2 38
9 21 19 33 19 6 18 30 29 38
27 5 33 38 17 21 21 37 38
30 38 11 23 35
8 20 36 36 38 23 19 15 22 9 21
18 8 4 9 33 20 30 21
24 21 21 38 23 38 21 17
38 34 20 3 38 5 13 3
9 21 23 15 21 20 8 19 38
9 21 23 15 21 24 38 21 19 38 35
20 8 24 17 33 21 9 19 24 23
12 21 21 19 23 24 10 27 10 27
21 19 38 18 19 18
27 5 33 38 17 21 20 20 34
23 8 9 3 38 22 24
27 5 33 38 17 21 8 17
38 5 37 3 21 5 21 19 18 38 9 38 18
23 23
10 27 24 21 12 0 22 23 24
20 21 33 27 21 16 13 38 5 5 19 38 38 8 1 30
18 8 39 19 24
35 38 34 38 12 36 23 21 23 21 38
7 8 5
20 21 33 27 27 27 38 13 21 17 9
9 4 20 5 21 24 38 21 19 38 35 22 23 24
20 19 24 22 9 4 20 23 24 24
10 27 24 21 38 5 13 38 21
24 21 21 38 23 38 21 17
21 21 20 19 21 24 21 24 23 19 6 38
22 38 9 17 21
8 17 9 23 4 18 21 18 8 38 8
11 38 29 15 27 19 38 6 24 9 38 35
21 21 8 4 24 33 24 0 0 21 3 21 8 38 17 21 23 38 19 34 38
23 21 8 35 27
23 17 17 21 27 21 21
0 13 20 21 21 38 9 34 24 27 38 21 38 21 9
37 21 18 8 38 8
21 9 19 5 20 21
21 38 21 9 18 38 9 38 18 2
18 3 19 15 9 27 12 0
30 37 8 35 37 9 21 23 15 21 23 21 8 35 27 11
20 21 33 27 24 38 21 19 38 35 38 21 18
3 27 21 21 22 23 24 30 5 35 39 21
7 8 5 23 38 18 19 34 38 18 19 18
29 15 27 19 21 23 21 38
21 33 19 6 18
18 8 38 8 5 20 21 0 27 24 38
37 3 21 20 18 18 21 21 19 24 38 20 17 35 21
20 19 38 19
2 38 8 9 4 38 24 23 20 5
9 19 18 20 9 17 8 19 19 21 19 33 19 6 18
2 38 11 23 35 20 21 19 9
23 17 12 20 17 35 21
35 38 34 38 12 36 23 8 9 3 38
23 21 8 35 27 29 15 27 19 23 21 8 35 27
12 19 23 21 4 18 27 37 24 19
34 20 3 30 29 38 18 8 39 19 24
5 21 12 38 10 27 24 21
23 27 21 9 4 20 23
20 27 21 21 20 3 12
30 3 30 8 3 38 21
8 18 30 21 15 24
8 17 9 23 10 30 29 38 3 23 27 21 17 21 27
0 0 21 3 21 21 37 38 27
21 38 21 9 30 24 37 20 10
23 27 21 22 38 9 17 21 21 2 21 24 38 21 19 38 35
27 5 33 38 17 21 37 3 21 27 27 8
20 21 9 21 19 38 8 17 9 23 2 38 24 23
23 17 17 21 27 21 21
5 20 21 21 38 19 21 38 21 9 21 15
27 5 33 38 17 21 37 3 21 24 21 21 38 23 38 21 17
24 38 21 19 38 35
21 21 38 8 4 24 33 38 10 0 13 20 21 21
38 0 0 21 3 21 18 8 19 24 38
20 18 6 21 38 20 4 30
24 24 38 21 23 21 38 20 21 33 27 13 27 19 24 21 12 21 21
21 38 21 9 19 27 38 38 5 38 38 20 3
20 8 27 38 24
21 37 38 27
24 21 21 38 23 38 21 17 20 20 34
22 24 27 5 33 38 17 21 21 15
21 21 20 9 9 0 24 16
21 38 21 9
8 17 33 12 21 23 6 9 21 23 15 21
32 38 3 19 5 0 36
23 21 8 27 9 5 19 19
27 33 38 17 21 4 18 21
20 21 33 27 21 5 20 21 4 18 21 21 18 27
22 23 24 3 27 21 21 18 19 13 27 31
38 9 17 21 30 3 38 30
21 19 19 12 21 21 19 23 24
24 7 19 8 27 38 24 27 19 24 21 12 21
22 23 24 9 9 24 16
12 19 23 21 4 20 8 22 23 24 10 27
21 16 13 38 9 4 20 23 23 17 17 21 27 21 21
2 38 38 34 20 3 0 27 24 38
20 33 27 10 5 20 21 18 19 24 37 3 21
21 16 13 38 4 18 21 5 20 21
21 21 38 8 4 24 33 21 19 38 21 23 21 38
21 9 19 24 18 21 21 19 24 38
38 34 20 3 0 3 8 15 5 20 21 27 22 23 24
24 21 21 38 23 38 21 17
18 17 38 12 36
34 3 23 21 8 35 27 2 38 23 20 19 5
20 18 24 23
38 37 21 9 8 9 19 21
20 19 38 19 12 0
23 23 19 27 38 38 5 38 38 5 13
24 21 21 38 23 38 21 17
19 19 20 18 18 3 19 15 9 27
23 27 21 19 38 12 21
3 12 18 21 21 19 24 38 38 21 19 9 8 8
18 8 38 8 2 38 20 19
10 27 21 9 19
0 13 20 21 21 7 8 5
24 38 21 19 38 35
20 18 17 38 18 33 8 21
9 9 0 24 16 22 23 24
18 27 37 24 19 35 38 34 38 12 36
21 21 38 8 4 24 33
9 4 38 35 9 21 21 8 9 17 34 21 38 17 12 20 21
23 17 17 21 27 21 10 24 21
10 27 24 21 37 3 21 21 9 19
7 8 5 24 38 8 19 9 5 0 27 24 38
0 13 20 21 21 23 17 24 23 21 19 33 19 6 18
38 6 24 20 17 35 21
10 27 6 21 38 20 4 30
12 19 23 21 4
21 21 38 8 4 24 33 0 27 24 38
24 17 33 18 17 38 38 9 21
24 21 21 38 23 38 21 17 21 38 21 9
35 38 34 38 12 36 21 20 19 21 21 24 23 6 38
21 19 33 19 6 18
38 27 5 33 38 17 21 21 16 13 38 24 38 8 19 9 5
0 21 3 21 23 27 21 27 5 33 38 17 21
21 24 21 2 21 24 2
8 18 30 21 15 24 12 0 38 37 23 21 8 35 27
21 21 27 9 21 21 27 9 18 33
21 21 20 19 21 21 24 23 19 6 38
21 17 12 20 21 8 9 5 27 31
17 20 23 9 23 37 8
21 19 33 19 6 18 8 24 17 33 11 23 35
24 38 21 19 38 35 24 7 19
2 38 18 8 8 20 21 33 27
2 38 38 8 1 30 30 37 8 35 37
21 9 19 37 3 21
21 38 17 12 20 21 24 38 8 19 9 5
32 38 3 19 5 0 36 20 8 23 23 38 27 5 33 38 17 21
20 21 19 13 38
8 17 9 23 8 9 4 38
9 27 21 23 27 24 24 38 24 38 21 19 38 35
12 19 23 21 4 20 18 38 19 21 21 20 21 19 9
37 3 21 23 27 21 20 17 35 21
24 38 21 19 38 35 24 21 9 19 8 9 38
21 21 38 8 4 24 33 7 8 5
19 34 38 19 19 21 19
5 20 21 23 38 38 5 13 27 5 33 38 17 21
9 19 2 21 21 20 19 21 24 21 24 23 19 6 38
9 19 1 38 21 38 21 9 8 17 9 23
30 29 38 18 8 39 19 24 21 9 19 0 13 20 21 21
23 17 17 21 21 21 8 9 4 5 21 24 23
19 30 0 38 19 21 21 20 21 19 9
37 3 21 21 19 33 19 6 18 38 34 20 3 20 8
21 9 19 21 21 8 4 24 33
38 6 38 21 21 21 10 27 24 21
33 24 27 0 10 21
19 34 38 19 19 5 23 19 15 22 9
2 38 10 27 37 3 21 19 33 19 6 18
38 24 5 20 21 8 13 36 27 27 38 13 21 17 9
18 3 19 15 9 27 0 0 21 3 21
5 20 21 11 23 35
27 27 38 13 21 17 9 24 24 20
24 24 38 21 24 21 2 21 18 8 38 8 37 3 21
22 23 38 37 29 15 27 18 17 38 37 3 21 2 38
20 18 0 13 20 21 21 18 21 19 24 38
38 34 20 3 9 21 21 0 38 18
21 21 20 19 21 24 21 24 23 19 6
5 21 19
21 21 38 8 4 24 33 37 3 21
21 15 5 3 27 21 21 9 21 21
12 21 21 18 8 38 8 8 38 8 1 30 18 3 19 15 9 27
6 38 35 5 6 24 10
20 8 18 19 18 27 37 9 22 19 24 24 24 20 37 3 21
13 20 21 21 21 9 19 5 20 21 24 0 0 21 3 21
8 24 17 0 0 21 3 21
21 15 37 3 21 21 37 38 27
30 3 30 20 17 35 21
20 21 33 27 30 29 38
21 21 20 19 21 24 21 24 23 19 6 38
38 8 1 30
23 27 21 21 23 21 38 21 24 21 2 21
24 21 21 38 23 38 21 17 12 19 23 21 8 19 19
21 38 2
38 34 20 3 10 35 3 27 21 21
37 3 21 8 17 33 21 21 20 19 21 24 21 24 23 19 6 38
38 12 0 22 23 24 10 27
19 38 38 21 19 9 8 8 6 21 38 20 4 30
38 34 38 12 36 0 13 20 21 21
24 38 21 19 38 35 27 24 22 9 21 21
29 15 27 19 20 17 35 21
20 21 33 27
8 24 17 33 27 21 21 24 10 21 30 21 18 35 8
38 34 38 12 36 8 9 4 38
21 16 13 38 21 37 38 27 8 24 17 33 5 20 21 24 38 21 19 38 35
20 17 35 21 38 19 21 21 18 8 38 8
9 4 38 24 21 21 38 23 38 21 17 18 38 9 18
32 38 3 19 5 0 36 18 8 39 19 24
23 27 20 17 35 21 21 15
8 4 24 38 21 19 38 35 23 27 21
21 21 20 19 21 24 21 24 23 19 6 38
9 21 23 15 21
8 24 33 10 27 8 8 24 17 33 24 7 19 8 17 13 4
20 30 9 38 5 20 21 24 19 5
27 38 38 5 38 23 27 21
0 13 20 21 21 19 10 27 24 21
20 21 33 27 21 20 19 21 24 21 24 23 19 6 38
22 38 9 17 21
21 12 3 27 21 18 8 39 19 24
5 20 21 8 13 36 10 10 27 21 38 9
38 21 23 9 3 38 30 3 38 30
10 24 21 21 38 38 21 17 12 21 21
23 8 24 17 33 21 18 27 8 27 38 24
5 20 21 19 19 3 21 18 33 20 17 35 21
21 33 24 27 0 10 21 10 12 0
2 38 38 19 21 21
17 20 23 9 23 37 8 20 8
18 8 39 19 24 38 18 23 21 8 27 9 5 19 19
21 16 13 38 19 27 38 38 5 38
18 3 19 15 9 27 38 20 3 38 34 20 3
23 17 17 21 27 21 21 24 22 3 12 10 27 8 9 4 38
23 21 8 35 27 21 38 2
24 38 21 19 38 35 18 27 37 24 19
23 21 8 27 9 5 19 19 9 19 1 38
21 9 8 9 19 21
21 21 38 23 38 21 17 20 8 24 17 33 9 4 38 35
24 38 21 19 38 35
23 23 38 21 15 24 38
18 8 39 19 24 23 20 19 5 17 23 38 18 19 34 38
34 20 3 24 38 21 19 38 35 38 8 9 17 34
18 27 37 24 19 38 6 24
21 38 19 36 10 27 24 21 22 23 24
6 38 35 5 10 27 21 38 24 2
24 38 8 19 9 5
22 23 24 24 38 21 19 38 35 38 34 38 8 17 2 38
24 38 21 19 38 35 22 23 24
10 33 24 27 0 10 21 20 19 38 19 20 21 19 9
12 19 23 21 4 18 8 19 11 23 35 38
18 21 21 19 24 38 21 21 20
2 38
9 8 9 2 37 3 21 22 38 9 17 21
19 21 6 20 19 19
19 21 19 12 21 21 20 17 35 21
8 9 9 0 24 16
5 21 38 20 4 30 27 19 24 21 12 21
23 17 18 17 38 20 21 33 27
24 38 21 19 38 35 18 3 19 15 9 27
37 3 21 24 9 6 21 38 20 4 30
21 18 38 2 21 21 0 13 21 21 2 38
21 23 21 38 7 8 5
0 13 20 21 21
0 27 24 38
17 35 21
24 38 21 19 38 35
21 38 19 36
4 21 38 21 19 9 8 8 21 21 20
6 21 38 20 4 30
23 17 20 17 35 21 38 18 23 8 9 3
18 38 38 18 24 9 12 21 21
18 3 19 15 9 27 9 4 38 35
27 38 24 7 8 5
21 38 21 9 24 9 10 27 24 21 20 21 33 27 33 24 27 0 10 21
20 21 27 20 19 38 19
27 18 12 19 38 21 19 9 8 8 9 4 20 23 35 38 34 38 12 36
21 21 38 8 4 24 33 35 38 34 38 12 36
10 27 4 18 21
5 20 21 10 20 21 27
9 9 0 24 16 18 8 4 9 33 20 21 30 21 2 38
5 20 21 23 19 5 30 2 38
0 13 20 21 24 38 8 19 9 5
4 20 23 22 23 24 0 13 20 21 21
21 21 2 38 24 21 21 38 23 38 21 17
24 38 8 19 9 5 2 38 37 3 21 15 23 21 8 27 5 19 19
8 17 9 23
0 13 20 21 21 3 12
35 38 34 38 12 36
20 30 9 38 5 19 38 21 16 13 38 9
0 13 20 21 5 20 21 38 34 20 3
13 20 21 21 22 23 24 21 9 19
5 24 8 23 3 8 2 9 33 24 27 0 10 21
9 21 15 21 2 38 18 27 37 24 19
24 21 21 38 23 38 21 17 19
38 5 38 34 20 3
23 9 21 23 15 21 1 30 21 19 19
2 24 10 21 24
21 38 21 9 23 8 9 3 38 27 31
6 38 20 4 30 20 18
18 3 19 15 9 27 38 24 38 21 19 38 35 21 15 8
2 24 24 38 21 15
11 23 35 38 18
27 5 33 38 17 21
24 21 21 38 23 38 21 17
38 21 16 13 38 20 8 5 24 38 5 13
23 22 9 21
10 27
22 24 20 30 9 35 38
23 21 8 27 9 5 19 19
24 9 23 27 21 7 8 5 23 20 19 5
13 27 19 24 21 12 21 21 20 18
21 15
21 15 21 15 21 38 17 12 20 21
38 19 21 21
19 38 17 12 19 23 21 4 21 38
21 16 13 38 0 13 20 21 21
21 38 21
10 27 24 21 21 38 21 9
8 9 4 38 2 38
21 9 8 9 19 21 24 24 7 19
22 23 24 3 27 21 21 35 38 34 12 36 38 21 9 24 33
8 9 38 21 38 21 9
9 19 1 38
0 13 20 21 21 6 21 38 20 4 30 38
9 9 0 24 16 37 3 21
9 21 29 15 27 19
24 21 21 38 21 17 8
0 38 18 2 38 23 15 21 4 18 21 8 27 38 24
35 38 34 38 36 10 27 22 23 24
21 18 38 2 21 21 35 38 34 38 12 36
38 37 18 38 9 38 18 10 27
30 29 38 18 33 23 21 17 20 23 9 23 37 8
21 23 21 38 23 20 19 5 30 29 38 8 24 17
38 34 20 3 38 34 20 3 3 38 30 21 21 20
2 38 8 9 4 38 21 21 38 8 4 24 33
24 21 21 38 23 38 21 17 21 15
24 27 5 33 38 17 21
21 21 2 21 10 27 21 21 38 8 4 24 33
12 0 2 38 38 21 38 18 27 31 21 38 19 36
24 21 21 38 23 38 21 17 21 19 38
24 7 19 20 18 20 21 21 23 38 18 19 34 38
18 39 24 23 8 9 3 38
20 21 8 24 17 33 12 21 21 23 27 21
2 38 18 17 38 20 21 33 27 8 24 17 33 10 27
8 19 19 24 24 38 21 38 21 9
24 9 37 3 21 23 19 22 19 27 38 38 5 38 19 34 38 19 19
27 5 33 38 17 21 22 23 24 9
29 15 27 19
38 18 39
9 4 38 35 12 19 23 21 4 21 38 21 9 10 27
23 21 35 27 21 24 21 2 21 20 30 19 19
23 21 10 27 20 19 38 19 38 21 19 38 35 0
24 23 21 8 27 9 5 19 19 8 17
20 30 19 38 9 19 18 20 9 17 20 18
21 13 38 0 38 18 19 38 38
8 24 17 33 38 21 18 19 18
23 38 18 19 34 38 24 10 4 21
30 37 8 35 37 23 21 8 35 27 21 21 38 8 4 24 33
20 21 33 27 2 38 21 21 38 8 4 24 33
21 18 20 8
21 15 24 38 21 19 38 35 20 21 17 10
12 19 23 21 4 18 8 39 19 24
27 5 33 38 17 21 18 17 38
5 24 23 8 9 3 38 18 21 21 19 24 38
22 23 24 24 22 30 2 38
21 12 38 32 38 3 19 5 0 36
17 17 27 21 21
23 17 17 21 27 21 21 24 24 38
23 20 19 5
22 23 24
30 5 35 39 21 21 21 20 19 21 24 21 24 23 19 6 38
9 19 18 20 9 17
8 24 33 20 21 33 27
21 9 19 8 20 21 27 38 5 13
7 5 10 5 20 21 2 38 27 31
22 23 24 35 38 34 12 36 2 38
24 38 21 19 38 35 20 20 34
30 2 38 38 19 21 21
18 27 37 24 19 37 3 21 38 8 9 17 34
21 21 18 5 20
7 8 5 27 18 12 19
20 21 33 24 24 19 38 38 21 24 9
8 9 4 38 18 17 38 30 2 38
12 0 21 38 21 9
21 18 38 2 21 21 21 9 19
0 13 20 21 21 21 24 37 20 10
10 27 18 38 9 38 18 5 20 21
10 4 24 38 21 19 38 35
17 18 38 9 38 18 27 31 10 8 23 35
18 8 39 19 24 23 21 8 35 27
20 17 35 21
18 19 18 5 21 30 2 38 9 21 21 21 38 19 36
21 13 38 38 18 12 19 23 4 4 18 18 27 37 24 19
38 17 21 10
21 21 20 19 21 24 21 24 23 19 6 38
6 38 35 5 27 5 33 38 17 21 0 27 24 38
35 38 30 21 23 19 34 38 19 19 0 3 21
9 21 19
37 3 21 22 23 24 20 18 2
23 17 17 21 27 21 21
8 9 4 38 12 8 24 17 33
8 24 17 33 7 8 5 38 34 20 3 18 19 18 38 37
18 17 8 17 13 4
21 19 9 21 16 13 21 15 20 5
3 27 21 21 21 19 19
21 24 21 2 21 12 21 21
18 3 19 15 9 27
18 19 18 22 23 24 19 34 38 19 19
27 5 33 38 17 21 18 38 9 38 18
8 38 21 18 8 38 8 9 9 0 24 16
16 13 38 8 9 20 5 27 21 18
12 19 23 21 4 19 34 38 19 19 19 23 21 4
23 17 17 21 27 21 21
8 24 17 33 21 38 21 9 20 30 19 21 20 19 13 27 19 24 21 12 21 21
38 8 9 17 34 18 18
21 38 21 9 0 13 20 21 21
12 19 23 4 20 21 33 27
21 21 38 8 4 33 23 38 0
5 23 19 15 22 9 21
20 17 35 21 21 21 20
2 38 33 24 27 0 10 21 35 38 34 38 12 36
8 38 34 12 36 13 29 15 27 19
8 24 17 33 23
5 21 19 18 27 37 24 19 37 3 21
11 23 35 20 21 19 9
38 6 24 23 20 19 5 5 20 21 18 17 38 11 38
19 38 27 18 12 19 21 21 18
8 24 17 33 0 20 21 21 9
24 38 21 19 38 35
24 38 21 38 35 9 19 1 38 27 5 33 38 17 21
20 21 33 27 23 21 8 27 5 19 19 2 38 18 3 19 15 27
38 6 24 24 38 21 19 38 35 27 5 38 17 21 22 23 24
22 23 24 18 8 39 19
2 38 20 5 22 23 24 38 17 21
23 27 21 12 0 24 38 21 19 38 35
38 8 1 30 38 34 20 3 23 21 8 27 9 5 19 19
20 21 19 9 38 21 38 21 9
6 21 19 38
23 17 17 21 27 21 21 18 17 38
35 38 34 38 12 36
0 27 24 38 20 19 38 19 17 35 21 21 4 8 36 21 16 13 38
9 38 23 23 38
6 21 38 20 4 30 24 9 24
8 18 30 21 15 24 18 27 37 24 19
8 17 18 27 37 24 19 20 18
21 37 38 27
21 21 38 8 4 24 33
6 21 38 20 4 30
27 18 19 19 27 38 38 5 38
24 38 21 19 38 35
38 9 20 36 30 8 24 33
38 19 27 38 38
0 38 18 22 38 9 17 21
5 23 19 15 22 9 21 2 38
5 23 19 15 22 9 21
23 23 38 38 8 19 19
27 5 33 38 17 33 24 27 0 10 21
21 16 13 38 21 21 15 8 8 17 9 23
21 21 38 4 24 33
18 38 2 21 21 37 3 21
22 23 24 5 20 21 10 21 38 9 21 38 19 36
21 15 24 30 37 8 35 37
18 3 19 15 9 27 5 20 21
35 38 34 38 12 36 5 20 21 24
8 17 9 23 10 2 38 37 3 21 18 38 9 38 18
0 12 0 0 27 38 0 35 38 34 38 12 36
38 34 20 3 5 23 19 15 22 9 21
23 17 17 21 27 21 21 21 24 21 2 21
0 24 38 19 34 38 19 19 20 17 35 21
24 24 38 21 33 19 6 18
21 21 20 27 21 19 10
19 38 20 21 33 19 23 38 18 19 34 24 24
6 21 38 20 4 21 33 27 20 18 22 23 24 3 12 19 27 38 38 5 38
18 8 39 19 24 21 37 38 27 7 8 5 10 24 38 21 19 38 35
23 9 27 18 12 19 20 17 35 21
18 39 19 24 19 34 38 19 19 21 23 21 38
38 20 27 5 33 38 17 21
18 21 21 19 24 38 20 17 35 21
18 21 21 19 24 38 10 24 21 21 38 23 38 21 17
12 0 38 5 13 19 1 38 21 15 19 21 21
22 23 24 9 9 0 24 16
21 20 19 19 34 38 19 19
2 38 18 17 38
8 5 32 38 3 19 5 0 36
8 17 9 23 20 30 19 19
37 3 23 21 8 35 27
8 20 5 20 18 21 12 38 0 13 20 21 21 8 23 3 8 2 9
5 21 19 12 0 21 21 38 8 4 24
21 21 11 23 35
3 21 18 8 39 19 24 21 21 20 24 38 8 9 5
3 27 21 21 30 2 38
35 38 34 38 12 36
20 21 19 9 29 38 10 27 24 21 2 38
8 17 9 23 23 38 18 19 34 38
8 18 8 38 8
20 17 35 21
18 8 39 19 24 37 3 21
27 24 21 12 21 21 17 21 8 27 8 17 13 4
6 38 35 5 27 8 17 9 23 6 21 38 20 4 30
23 20 19 5 10 27 30 3 38 30
27 18 12 19 10 27 24 21
23 19 15 22 9 21 12 0 9 21 23 15 21
38 5 13 4 18 21
8 19 38 6 24 12 0 38 24
9 19 18 20 9 17
0 13 20 21 21 38 21
21 19 33 19 6 18
22 23 24 9 19 1 38
19 30 0 0 0 21 3 21
23 21 8 27 9 5 19 19 24 23 23 20 19 5 8 24 17 33
32 38 3 5 0 36 35 38 12 36 24 38 21 19 38 35
23 38 0 30 3 38 30 18 18
21 21 38 8 4 24 33 3 27 21
23 20 19 18 38 19 15 9 27 11 23 35 38 6 24
8 24 17 33 23 27 21 18 38 2 21 21
24 24 38 27 21 18 20 19 38 19
24 10 4 21 10 27 5 23 19 15 22 9 21
3 27 21 21 19 38 18 8 38 8 9 9 0 24
21 12 0 22 23 24 10 27
37 3 21 22 23 24 37 3 21
19 34 38 19 19 24 38 21 19 38 35
21 9 19 24 23 19 18 21 38 21 9 23 21 8 27 9 5 19 19
18 3 19 15 9 27 24
21 21 20 20 19 38 19 21 38 21 9 8 24 17 33
6 5 8 38 19 21 9 19
38 6 24 24 38 21 19 38 35
5 20 21 24 21 21 38 23 38 21 17
5 20 21 24 2 21 21 9 19
18 19 18 2 38 20 19 19 33 19 6 18
21 24 21 2 21 22 23 24
24 38 21 19 38 35 5 15 22 9 21 19 38
30 3 38 30 38 21 19 9 8 8
12 0 2 38 24 21 21 38 23 38 21 17
18 8 39 19 24
5 20 21 21 24 21 21
38 37 21 18 38 2 21 21 21 8 21
20 8 18 17 38 20 21 33 27
27 5 33 38 17 21 24 9 23 27 21 23
22 23 24 27 33 38 17 21
23 23 38 18 8 39 19 24 10 38 34 20 3
10 27 21 37 38 27 6 21 38 20 4 30 24 24 38
21 21 27 9 18 39
23 23 38 9 9 0 24 16
5 24 3 27 21 21 8 9 19 9
38 8 9 17 34 0 0 21 3 21 8 24 17 33
0 38 18 21 38 17 12 20 21 3 27 21 21
21 23 21 38 38 8 1 30 20 21 19 9
9 21 21 5 24
38 9 38 18 20 38 9 4 38 35 24 7 19
21 21 38 8 4 24 33
21 24 21 2 38 20 21
8 38 20 30 19 19
18 19 18 22 23 24 23 23
11 23 35 38 34 20 3
30 22 23 24 19 34 38 19 19 6 38 20 4 30
20 19 38 19
27 5 33 38 17 21
24 24 38 21 16 13 38
6 21 38 20 4 30 21 9 19 37 3 21
18 17 38 21 16 13
0 13 20 21 21 30 2 38 24 23 21 18 38 2 21 21
37 3 21 32 38 3 19 5 0 36
24 38 21 19 38 35 5 24 9 20 23
2 38 23 21
30 29 38 2 38 38 5 13
24 38 21 19 38 35 35 38 34 38 12 36
9 8 9 2 11 38 23 8 9 20 21 33 27
12 12 21 23 24 20 30 37 8 35 37
6 38 35 5 21 19 38 27 27 38 13 21 17 9
9 4 38 6 38 35 27 20 5 9 9 23 5 20 21
21 38 21 9 6 21 38 20 4 30 10 24 23
10 27 24 21 21 19 36 5 21 19 20 21 33 27
9 21 10 27 24 21 8 9 4 38 0 13 20 21 21
21 38 21 9 18 17 38 18 17 38
18 19 18 21 38 21 9
21 16 13 38 30 3 38 30 20 33 27 37 21
37 3 21
21 21 38 23 38 21 17 8 9 4 38
21 19 38 21 24 38 8 19 9 5
22 23 8 9 3 38 21 38 21 9
10 27 37 38 27 21 38 21 9
23 27 21 0 27 24 38
21 21 20 19 21 24 21 24 23 19 6 38
18 27 37 24 19 23 17 17 21 27 21 21
24 21 21 38 23 38 21 17 24 38 8 19 9 5
18 19 18 23 20 19 5
3 27 21 2 38 38 34 20
21 37 38 27 23 17 17 21 27 21 21
24 38 21 19 38 35 9 4 20 23 8 24 17 33 5 19 38
17 20 23 9 37 8 10 27
18 19 18 24 24 20 21 21 38 8 4 24 33
21 4 8 36 5 20 21 20 19 19
20 17 35 21 21 16 13 38
24 23 38 19 21 27 5 33 38 17 21 21 9 19
19 21 6 20 19 19 20 18 8 9 2
10 24 21 32 38 3 19 5 0 36
27 5 33 38 17 21
8 17 9 23 24 24
18 38 9 38 18
33 24 27 0 10 21 18 8 39 19 8
19 34 38 19 19 27 31 8 30
5 23 19 15 22 9 21
0 27 24 38 5 24 38 34 20 3
4 18 21 13 27 19 24 21 12 21 21 18 8 38 8
0 13 20 21 21 24 24 38 24 38 21 19 38 35 23 17 17 21 27 21
18 8 9 2 38 34 38 36
8 20 20 34 21
24 38 21 19 38 35 21 19 10 27 21 38 17 12 20 21
2 38 37 38 27 9 4 38 35
18 8 39 19 24 8 9 23 20 19 5
5 20 0 18
38 21 19 9 8 8 20 21
33 24 27 0 10 21 20 21 19 9
12 19 36
27 5 33 38 17 21 8 30 15
0 27 24 38 17 21 8 19 34 38 19 19 38 2 38
35 34 12 36 3 27 21 21 4 35 38 34 38 12 36
18 19 18 29 15 27 19 18 8 39 19 24
20 18 21 9 38
18 8 39 19 24 38 10 27 8 24 17 33 24
23 21 8 35 27 23 21 8 35 27
18 8 38 8 29 15 27 19
21 38 21 9 27 5 33 38 17 21
22 23 24 38 21
7 8 5 23 17 2 38 17 23
8 18 30 21 15 24 38
30 3 38 30 9 21 21 21 21 20 21 19 19
2 38 5 24 22 23 24 18 19 18 10 27 24 21
21 20 17 35 21 8 18 30 21 15 24 20 18
20 30 9 35 38
20 21 33 27
18 19 18 21 19 19 30 37 8 35
27 18 12 19 21 38 23 8 9 38 38 9 38 18
30 3 38 30 23 27 21 30 37 8 35 37
8 24 17 21 37 38 27 24 7 19
24 9 30 5 35 39 21 24 17 33
18 3 38 19 15 9 27 12 19 23 21 4
10 38 34 20 3 18 8 8 10 27 2 38
19 27 38 38 5 38
24 38 21 19 38 35 17 35 21
18 27 37 24 19
21 9 8 9 19 21 27 5 33 38 17 21
21 21 20
38 34 20 3 3 27 27
23 21 38 5 20 21 9 19 21 21 20 19 21 24 21 24 23 19 38
37 3 21 8 24 33
20 8 9 19 38 38 17 21 17 8 27
24 21 21 38 23 38 21 17 20 30 9 35 38 23 23 38
38 21 21 24 21 21 27 18 12 19
2 38 17 35 9 9 0 24
32 38 19 0 36 18 3 19 15 9 27
9 9 0 16 2 38 8 24 17 27 27 38 21 17 9
19 33 19 6 18 19 34 38 19 19 11 35
19 27 38 38 5 38 18 8 39 19 24
17 20 23 9 23 37 8 9 21 23 15 21 11 38
8 24 17 33 2 38
8 19 19 5 20 21
7 8 5 38 9 38 18 23 17 17 21 27 21 21
24 38 21 19 38 35 20 8
5 23 19 15 22 21 27 18 8 38 8
30 2 38 6 21 38 20 4 30 23 23 38
9 9 0 24 16 38 21
8 9 4 38 20 36 38 1 38
19 13 38 24 23 16 13
21 38 24 2 0 27 24 38 27 5 33 38 17 21
17 20 23 9 23 8 8 21 15
24 24 20 19 13 29 27
18 19 21 37 38 27 21 20 17 35 21
27 5 33 38 17 21
15 20 20 34 5 22 23 24
3 27 21 21 9 21 21 21 38 24 2 32 38 3 19 5 0 36
9 21 19 21 21 20 21 33 27
37 3 21 2 38 2 21 9
24 38 21 19 38 35 38 6 24 24 24 20 8 21 38 24 2
24 24 38 10 27 19 27 38 38 5 38
35 38 34 38 12 30 2 38 18 27 37 24 19
38 5 13 20 21 33 27
20 21 19 9 38 24 9
9 4 23 21 19 33 19 18
27 5 33 38 17 21 18 3 19 15
3 21 8 17 33 20 21 33 27 18 8 4 9 33 20 21 30 21
0 13 20 21 21 22 23 24 10 9 21 19 13 27 19 24 21 12 21 21
8 8 24 17 33 5 24 37 3 21
8 9 4 38 17 38 38 5 38 21 8
8 24 17 33 19 27 38 38 5 38
18 8 39 19 24 23 38 0 9 27 21
21 8 17 13 4 20 21 33 33 24 27 0 10 21
24 38 21 19 38 35
20 17 35 21 10 27 38 34 3 3 27 21 21
0 27 24 38 7 8 5 24 10 4 21
37 21 38 37 6 38 35 5
21 21 27 9 30 29 38 24 21 21 38 23 38 21 17
33 24 27 0 10 21 20 19 38 19 38 8 9 17 34 18 8 8
30 37 8 35 37 10 21 12 19 23 21 4 27 5 33 38 17 21
8 9 4 38 12 21 21
9 19 1 38 21 38 8 27 38 24 38 21 19 9 8 8
3 27 21 21
9 21 21 18 3 19 15 9 27 22 23 24
5 20 21 8 13 9 21 21
20 17 35 21 35 38 34 38 12
18 8 38 8 24 38 21 19 38 35 21 9
10 27 21 21 38 21 9 24 9
12 19 23 21 4 10 27 21 38 12 20 21
10 27 24 21 0
38 8 34 30 2 38 38 24 23 2 38 21 9 19
21 27 12 0 21 19 38 34 20 3
23 23 38 38 8 1 30 37 3 21 38 5 13
21 38 21 22 38 9 17 21 18 38 38 18
2 38 23 17 17 21 27 21 21 8 21
20 17 35 21 38 5 13 35 38 34 38 12 21 21 20
21 9 19
23 0 13 20 21 21
38 8 9 17 34 21 38 24 2 21
21 21 20 20 17 35 21 21 27 9
12 19 23 21 4 21 18 2 21 21
23 17 17 21 27 21 21 4 38 35
38 17 21 0 13 20 21 21
38 8 9 17 34 0 0 21 3 21
38 8 9 17 34 21 21 18 21
19 21 6 20 19 19 21 23 21 38
24 38 21 19 38 35 10 27 24 21
22 23 24 23 17 17 21 27 21 21
30 3 38 30 27 5 33 38 17 21 20 30 9 35 38 33 24 27 0 10 21
38 18 39 21 20 19
38 21 10 30 3 38 30
12 0 9 21 23 15 21
35 38 34 38 36 24 24 38 20 9 38 0 38 18
12 19 23 21 4 21 12 38
24 38 21 19 38 35 24
27 5 33 38 17 21 21 24 21 21
24 21 38 23 38 21 17
38 34 20 3 21 19 19 6 18
8 24 17 33 10 2 38 20 17 35 21
21 19 19 30 37 8 35 37
10 27 8 24 17 33 20 30 19 19 37 3 21
23 17 18 17
19 34 38 19 19
24 7 19 5 24 18 33
0 13 20 21 21 24 24 38
24 21 21 38 23 38 21 17 10
38 6 24 21 23 21 38 12 3 27 21 21
0 38 18 9 21 21 12 0 9 38 8 24 17 33
23 21 8 27 9 5 19
9 19 18 20 9 17 15 22 38 9 17 21
6 21 38 20 4 30 38 37 38 27
21 24 21 2 21 23 21 8 35 27
6 38 35 5 24 38 21 19 38 35
12 19 23 21 4 9 9 0 24 16 10 21
38 13 38 17 20 21 0 13 20 21 21
20 30 19 19 27 38 17 8 27 38 24
27 27 38 13 21 17 9 20 18 38
21 20 19 37 24 24 38 23 23 38
21 21 27 9
21 38 21 9
21 33 19 6 18 23 21 8 35 27 8 21 5 20 21 18 8 38 8
27 27 38 13 21 17 9 38 5 13 18 17 38 21 16 13 38
8 24 17 33 24 38 24 38 21 38 35
24 24 20 23 35 27 21 38 17 20 21
36 18 24
23 21 19 27 21 8 17 9 23 30 2 38
24 23 8 10 27 24 21 8
7 8 5 23 27 21
10 20 20 34 8 35 0 24 9 9 19 1
22 23 24 23 23 21 19
18 8 19 24 0 13 20 21 21
12 19 23 21 4 9 21 23 15 21
10 27 24 21 22 23 24 8 19 20 18 24
24 23 23 8 9 3 38
21 21 20 19 21 24 21 24 23 19 6 38
24 24
30 3 38 30 27 5 33 38 17 21
30 2 38 37 3 21 9 38
18 8 38 8
21 38 21 9 0 0 21 3 21 24
3 27 21 21 21 21 20 38 37 38 18 39
9 38 21 16 13 9 4 20 23
38 6 24 9 21 23 15 21
9 19 18 20 9 17
27 30 37 8 21 24 5 20 21
21 9 8 9 19 21 12 21 18
20 21 33 27 30 21 18 35
24 5 20 21 8 13 36 35 38 38 12 36
35 38 34 38 12 36
33 24 27 0 10 21
9 22 24 30 5 38 5 13 21 37 38 27
33 24 21 21 38 23 38 21 17
20 21 19 9 21 4 8 36 21 15 8
8 17 9 23 21 18 38 2 21 21
4 18 21 21 21 38 8 4 24 33
24 10 27 19 9 33 24 27 0 10 21
24 17 24 38 21 19 38 35 27 5 38 17 21 19
21 19 33 19 6 18 30 37 8 37 23 21 8 35 27
32 38 3 19 5 0 36 9 4 20 23
20 5 2 38 38 37 0 13 20 21 21
13 38 24 38 21 19 38 35 27 22 19 24
9 21 23 15 21
9 21 21 4 18 21 38 8 1 30 6 38 35 5 27 11 38
21 38 19 36 33 24 27 0 10 21 5 5 24 24
20 19 38 19 21
18 19 18 24 38 21 19 38 35 18
12 21 21 19 27 38 38 5 38
19 34 38 19 19 35 34 38 12 36 24 9 18 3 19 15 9 27
37 38 27
9 9 0 24 16 30 3 38 30
6 21 38 20 4 30 10 27
3 27 21 38 21 21 27 9 2 38 18 8 39 19 24 9 21 10 27 24 21
27 27 38 13 21 9 20 21 33 27 18 27 37 24 19
30 29 38 27 37 9 19 24
3 27 21 21 38 34 20 3 8 21 16 13 38
37 3 21 21 15 8 24 17 33
3 27 21 37 3 21 18 38 9 38 18
24 38 21 19 38 35
12 0 38 20 19 38 19 21 18 38 2 21 21
10 27 29 15 27 19
21 23 21 38 38 8 9 17 34
4 18 38 8 1 30 21 19 38
19 38 24 38 8 19 9 5 22 23 24
38 5 13 38 34 20 3
32 3 19 0 36 24 18 8 19 24
35 38 30 21 23 8 24 17 33 27 31 24 24 38
38 0 27 24 38 8 18 30 21 15 24
21 23 21 38 38
27 5 33 38 17 21 30 2 38
8 24 17 33 21 21 18 27
20 30 9 35 38 21 9 18 8 39 19 24
8 23 3 2 9 24 21 21 38 23 38 21 17
6 24 21 21 18 38 37 38 21
0 27 24 38 10
18 3 19 15 9 27 0 20 21 21
8 19 19 23 23 38 6 38 35 5
24 24 38 38 9 20 36 30
22 38 9 17 21 9 21 23 15 21
6 38 35 5 18 3 19 15 9 27
23 17 17 21 27 21 21
0 0 3 21 18 8 38 8
24 23 21 16 13 38 24 20 17 35 21
19 23 21 4 21 21 20 19 21 24 21 24 23 19 6 38
38 34 20 0 27 24 38
38 9 38 18 23 38 18 19 34 38 23 20 19 5
5 20 21 8 13 36 9 21 23 15 21
21 16 13 38 7 8 5 21 38 21 0 0 21 3 21
5 20 21 24 5 20 21 37 3 21 21 23 21 38
30 3 38 30 21 38 27 8 1 30
21 21 20 20 20 34 38 27
22 23 24 3 27 21 21 38 18 21 10 20 5
5 23 19 15 22 9 21
24 38 21 19 38 35 20 21 19 9
2 38 18 27 37 24 19
21 16 13 38 18 3 19 15 9 27
6 5 27 20 18
21 23 21 38 23 17 21 27 21 21
20 17 35 21 38 17 21 30 3 38 30
8 23 8 2 9 38 5 23 17 17 21 27 21 21
18 17 38 27 5 33 38 17 21 2 38 10 27
5 5 19 38
0 20 21 21 9 4 38 35 20 19 38 19
38 21 19 9 8 8 38
3 38 30 21 21 20 38 21 8
20 21 19 9 5 20 21 18 38 2 21 21 9 9 0 24 16
35 38 34 38 12 36
20 5 6 21 38 20 4 18 17 38 10 24 24 38
27 5 33 38 17 21 21 38 17 20 21
0 13 20 21 21 21 19 19 18
0 13 20 21 21 24 7 19
23 38 24 23 21 8 35 27 38 20 3
9 19 1 10 27 9 38
18 8 39 19
18 3 19 15 9 27 10 29 38 24 30 37 8 35 37
20 30 9 35 38 9 20 23 8 9 19 9 8 18 30 21 15
35 38 34 38 12 36 12 19 23 21 4
8 24 17 33 12 0 21 21 20 19 21 24 21 24 23 19 6 38
21 21 20 27 18 12 19 9 4 20 23
18 8 38 8 15 19
21 9 8 9 19 21 19 8 24 17 33
8 27 38 24 24 38 21 19 38 35 27 18 12 19
20 36 36 38 8
9 21 23 15 21 5 20 21
8 30 3 30 0 13 20 21 21
20 18 8 9 2 27 18 12 19 21 38 21 9
38 18 20 18
0 20 21 21 22 23 24
12 19 23 21 4 18 8 33 8 34 24 10 4 21
21 15 37 3 21 20 21 33 27
18 21 19 24 38 21 21 18
4 18 21 20 21 27 22 23 24 5 24 38 8 9 17 34
21 23 21 38 21 20 19 24 24 38
27 5 33 38 17 21 3 21
21 21 19 21 24 21 24 23 19 6 38 20 19 38 19
21 38 19 36 23 21 8 35 27 24 24 38
21 24 21 2 21 17 21 27 20 20 8 24 17 33
35 38 34 38 12 36 24 24 8 19 19
22 38 9 17 21 3 12 38 5
20 30 19 19 5 23 19 15 22 9 21
8 17 9 23 9 21 21 12 21 21
24 24 38 23 21 8 27 9 5 19 19 21 38 21 9
23 20 19 5
9 4 38 35 9 4 38 35
24 38 21 19 38 35 35 34 38 12 36
8 9 22 23 24 24
0 18 2 38 37 21
20 19 38 19 20 33 27
24 38 8 19 9 5 24 38 21 19 38 35
12 19 36 38 18 21 23 21 38
23 17 17 21 27 21 21
6 21 38 20 4 30
29 8 19 18 23 21 8 35 27
21 16 13 38 21 24 21 2 21
33 24 27 0 10 21
18 27 37 24 19 19 38 38 5 38
9 19 1 4 20 23 30 2 38
24 21 21 38 23 38 21 17 38 21 19 9 8 8 37 21
12 21 21 20 27 5 33 38 17 18 38 9 38 18
9 19 18 20 9
21 21 20 19 21 24 21 24 23 19 6 38
3 27 21 21 27 5 33 38 17 21
2 38 20 18 29 15 27 19 37 3 21
23 23 5 20 21 21 38 19 36
8 17 9 23 5 23 19 15 22 9 21 21 4 36
8 33 0 13 20 21 21 21 15
0 13 20 21 21 9 38
35 38 34 38 12 36 0 13 20 21 21
38 18 18 5 23 19 15 22 9 21
8 39 19 24 23 17 23 21 8 35 27
35 38 30 21 23 12 21 21 23 17 3 12
38 21 19 9 8 8 20 18 8 9 2 20 30 19 19
10 27 8 9 24 38 21 19 38 35
8 23 17 17 21 27 21 21
27 18 12 19 37 3 21
30 3 38 30 21 21 20 38 24 21 21 38 23 38 21 17
23 8 35 27 38 34 20 3 22 23 24
0 13 20 21 21 18 8 39 19 24 19 27 38 38 5 38
18 19 20 30 19 19 30 3 38 30
35 38 34 38 12 36
30 5 35 39 21 18 17 38
19 34 38 19 19 10 27 8
19 27 38 38 5 38 27 5 33 38 17 21
21 37 38 27
38 21 19 9 8 8 37 3 21
10 20 19 38 19 37 3 21 38 34 20 3
21 38 21 9 30 29 38
35 38 34 38 12 36 10 27 13 38 21 18 38 2 21
21 20 19 20 17 35 21 19 30 0
23 21 8 35 27 12 19 36
23 21 35 27 9 21 37 38 27 37 3 21
20 18 27 24 21 21
10 27 38 34 20 3 23 17 17 21 27 21 21
9 38 18 8 39 19 24 10 27 12 19 23 21 4
30 3 38 30 38 21
3 12 20 17 35 21 20 19 38 19
0 27 24 38 3 21 21 21 38 21 9 23 21 38
18 21 21 24 38 8 9 4 38 8 9 4 38
24 21 38 23 38 21 17
24 21 21 38 23 38 21 17
9 4 20 23 18 17 38
22 23 24 23 17 8 24 17 33 8 24 17 33
38 21 12 19 23 21 4 18 38 9 38 18
9 27 21 37 3 21
2 38 18 8 38 8 38 18 39
24 38 21 19 38 35 5 13
5 24
21 18 38 18 38 9 38 18 2 38
21 21 20 19 21 24 21 24 23 19 6 38
37 3 21
24 38 21 19 38 35 21 19 38
21 19 33 18 18 21 21 38 8 4 24 33
18 38 9 38 18 37 3 21 27 5 33 38 21
38 8 9 17 34 20 21 19 9
8 18 30 21 15 24 24 38 8 19 9 5
7 19 24 24 20 8 24 17 33 21
38 21 21 15 19 24 36 18 24 0 20 21 21
9 19 18 20 9 17 21 38 21 9 10
38 34 20 3 12 21 21 10 27 21 22 38 9 17
12 19 23 21 4 20 19 38 19
8 27 38 24
20 21 33 27 38 21 23 27 21 8 30 2 38 24 24 20 24 9 23 21 8 27 9 5 19 19
5 9 21 21 8 9 4 38 21 18
13 27 19 24 12 21 3 27 21 21
9 19 1 38 23 8 9 6 38 35 5 27 31
0 13 20 21 21 27 5 33 38 17 21
38 21 9 38 18 39 8 9 19 9
18 8 39 19 24 9 4 38 38 19 36
19 13 38 38 21 21 2 38 38 34 38 12 24 23
21 37 38 27 2 38
20 21 33 27
18 27 37 24 19 24 38 21 19 38 35
18 3 19 15 9 27 37 3 21 21 19 20 21 33 27 23 17 17 21 27 21 21
24 21 21 38 23 38 21 17
21 19 19 9 4 20 23 38 21 27 31 7 8 5
9 23 15 21 24 38 21 19 38 35
12 0
21 38 19 36 9 21 21 9 9 0 24 16
21 18 38 2 21 21 33 24 27 0 10 21
20 5 21 18 27 9 4 21 18 0 13 21 21
2 38 5 24 21 16 13 38 9 4 20 23
18 38 8 21 18 23 17
12 0 8 38 5 24 9 21 21 20 19 21 24 21 24 23 19 6 38
23 20 19 5 9 4 38 35 19 9
35 38 34 38 12 36
23 17 17 21 27 21 21 0 13 21 21 10 27
38 24 21 21 38 23 38 21 17
22 38 9 21 8 19 19 21 38
24 21 21 38 23 38 21 17
2 38 8 9 17 34
20 21 33 27 38 6
8 17 9 23 18 17 38 24 21 19 38 35 21 37 38 27
38 24 23 21 18 27
8 38 5 13
18 8 19 24 21 38 21 9 0 13 20 21 21 38 23 19 15 22 9
24 22 21 15 33 24 27 0 10 21 24 23 24 38 21 19 38 35
24 21 21 38 23 38 21 17
23 17 17 27 21 21 24 38 21 19 38 35
27 21 21 11 38 18 8 39 19 24 21 18 38 2 21
0 13 20 21 21
21 21 38 8 4 24 33
38 24 22 23 24 23 17 10 27 5 5 19 38
12 6 21 38 20 4 30
23 8 35 27 8 12 0
24 38 21 19 38 35 18 8 39 19 24 21 15
9 21 23 15 21 33 24 27 0 10 21
27 5 33 38 17 21 27 38 38 37 3 21
38 19 21 21 10 27 18 33 10 27 19 9 21 19 38
35 21 6 21 38 20 4 30
18 27 37 24 19 18 8 19 20 5 9 4 38
21 38 21 9 37 3 21
20 21 33 27 21 21 20 20 27 18 8 38 8 35 38 30 21 23
21 19 33 19 6 18 21 13 38
21 23 21 38 22 23 24
27 27 38 13 21 9 18 19 18
12 0 24 38 21 19 38 35
21 38 21 9 24 12 19 23 21 4
13 27 19 24 21 12 21 21 19 9 27 27 38 13 21 17 9
10 27 12 21 23 24 6 20 38 6 24
21 19 38 22 23 24
5 20 21 18 8 39 19 24
18 27 37 24 19 23 20 19 5 27 27 38 13 21 17 9
2 38 20 30 19 19
38 8 9 17 34 24 19
10 18 8 39 24
18 21 21 19 24 38 23 21 8 35 27 24 38 20 30 9 35 38
5 20 21
18 17 38 8 21 38 17 12 20 21
8 24 17 23 18 38 9 38 18 21 15
9 21 21 21 17 38 0 13 21 21 23 21
38 17 21 20 30 35 38 20 5
0 27 38 9 21 21 37 3 21 21 38 19 36
5 23 19 15 22 9 21
20 20 34 20 21 33 27 0 13 20 21 21 18 27
38 8 9 17 34 2
9 21 21 10 27 8 17 24 9 8
27 5 33 38 17 21 10 27 0 0 21 3 21
18 3 19 15 9 27
9 38 2 38 38 18 33 24 27 0 10 21
21 20 21 24 21 24 23 6
21 38 19 21 21 20 19 38 19
6 21 38 20 4 30 35 38 34 38 12 36
18 9 38 18 9 4 20 23 32 38 3 19 5 0 36
21 38 21 9 8 24 17 0 13 20 21 21 22 17
33 24 27 0 10 21
30 21 24 37 20 10 21 16 13 38
19 1 38 38 38 21 9 9 21 21
19 34 38 19 19 21 16 13 38 20 21 19 9
22 23 24 30 2 38 20 21 33 21 15 23 23 21 19
0 0 21 3 21 0 13 20 21 21 2 38
24 23 23 17 17 27 21 10
9 21 23 15 21 18 8 38 8
24 21 2 10 27 10 27 8 19 19
21 21 23 17 17 21 27 21 21
38 21 19 34 38 19 19 5 5 19 38
4 21 9 4 35
20 5 33 24 27 0 10 21 21 16 13 38
38 1 30 20 23 21 8 35 27 21 15 20 18 23 17 17 21 27 21 21
23 17 17 21 27 21 21
5 24 38 8 9 17 34 9 4 38
18 8 39 19 24 18 37 24 19
38 21 3 27 21 21 21 20 19 2 38 38 37
21 9 19 18 8 39 19 24
30 37 8 35 37 19 9 5 20 21
8 9 4 38 18 8 39 19 24 21 18 5
20 30 19 19 21 18 27
5 24 0 13 20 21 21 30 2 38
21 38 21 9 8 38 8 9 17 34 21 38 17 12 20 21
21 15 21 19 19 21 21 18
19 19 23 20 19 5 7 8 5 21 9 19
9 4 20 23 8 24 38 8 9 5 20 36 36 38
9 4 20 23 38 21 16 13 38
24 23 21 38 21 9 12 19 23 21 4
21 15 27 27 8 17
35 38 34 38 12 36 21 19 19 8 17 24 10 4 21
12 0
21 4 8 36 18 9 38 18 23 23 22 23 24
33 24 27 0 10 21 21 38 20 21 33 27
21 21 20 0 27 24 38 20 8 18 27 37 24 19
0 38 37 38 27
30 2 38 23 23 38 20 30 19 19
8 19 19 24 8 19 9 5
30 3 38 30 24 4 24 38 21 19 38 35
20 18 19 21 6 20 19 19 5 20 21 9
27 5 33 38 17 21 38 24 23
5 20 21 21 38 8 4 24 33 3 27 21 21 38 18 3 19 15 9
18 8 38 8 21 18 27 23 8 9 3 38
38 21 19 9 8 8 0 13 20 21
9 19 1 38 23 20 19 5 23 20 17 35 21
38 24 24 38
18 21 21 19 24 38 20 8
13 27 19 24 21 12 21 21 21 6 20 19 19
18 27 37 24 19 18 27 37 24 19
22 38 17 21
5 23 19 15 22 9 21
33 24 27 0 10 21
21 21 2 21 21 16 38 21 33 27
24 38 21 19 38 35 18 8 39 19 24
21 37 38 27 35 38 38 12 36 21 15 22 23 24
38 5 13 38 21 18 27 37 24
10 27 24 23
38 11 15 9 38 23
18 27 37 24 19 18 19 18 24 2 21
23 17 17 21 27 21 21
21 19 33 19 6 18 21 19 33 19 6 18
19 21 6 20 19 19 30 37 8 21
19 18 21 21 38 8 4 24 33
9 18 20 9 24 38 21 19 38 35
38 21 19 9 8 8 21 21 27 9
20 19 38 19 20 8 23 20 19 5
19 27 38 5 38 3 12 23 21 8 9 5 19 19
2 38 18 33 32 38 3 5 0 36 12 0
2 38 24 9 21 20 19 21 23 21 38
38 34 20 3 21 20 17 35 21 21 37 38 27
33 24 27 0 10 21 12 0
21 23 21 38 8
0 13 20 21 21 18 9 18
21 38 24 2 24 38 21 19 38 35
8 24 33 10 21 18 17 38 38 6 24
38 34 20 3 21 38 19 36 12 19 23 21 4
20 21 19 9 37 3 21 21 21 18
5 20 21 9 19 18 20 9 17 9 8 13 38
24 38 21 19 38 35
33 24 27 0 10 21
9 9 0 24 16
21 19 33 19 6 18 24 9
9 21 23 15 21 8
0 21 3 21 38 21 24 21 21 38 23 38 21 17
5 21 21 21 20
20 21 33 27 21 38 19 36
23 19 15 22 9 21 38 21 19 19
0 38 18 20 17 35 21
30 3 38 30 30 2 38 10 27 8 9 38
7 8 5 37 3 21 20 5
21 19 38 5 21 21 19 33 19 6 18
7 5 9 4 38 35 30 3 38 30 22 23 24
24 38 21 19 38 35 4 20
6 21 38 20 4 30 38 21 23 38
23 8 9 9 38 34 20 3
6 38 35 5 23 8 9 20 5
21 16 13 10 27 10 20 5 24 38 8 1 30
19 34 38 19 19 35 38 34 38 36
8 24 17 33 24 38 21 19 38 35
21 9 19 21 37 27 12 19 23 21 4
5 20 21 20 18 8 9 38 8 1 30
9 21 21 0 24 38
2 38 9 38 21 21 20
21 19 38 38
38 9 38 18 21 21 20 18 38 9 38 10 27 24 21
3 27 21 21
2 38 33 24 27 0 10 21
