42 14 42 8 34 42 17 29 54 10 53 47 33
34 21 20 9 5 29 55 9
53 43 47 54 29 52 42 10
29 9 59 26 23 55 19 14 29 29 9
53 42 13 50 57 12
53 42 13 50 57 42 39 33 47 5 19 19 9 37 19
50 17 31 58 27
5 29 55 9 31 7 27 43 18
53 27 5 14 24 5 42 5 24 29 29 9 50 8 58 41 8 39
55 42 47 27 42 40 13 12 53 48 14 55 57 17 19 27 42
48 8 47 45 48 13 42 5 27 42 40
4 51 5 42 27
9 53 50 47 13 42 42 35 54 42 17
14 55 57 17 19 41 24 5 29 22 1 54 9
27 8 42 26
29 54 10 53 33 19 54
48 38 49 37 29 46 42 54 13 8 46 42
9 50 53 43 19 53 42 55 50 5 54 29 42
42 57 50 5 10 9 42 34 22 22 27 20
13 24 47 55
42 12 24 33 51 55 47
53 42 13 50 57 12 42 13 59 34 4 55 57
6 19 59 4 37 53 27 29 39
10 19 53 59 12 42 5 34 20 42 27 42
54 19 46 5 48 28 49 5 48 38 49 37 29 46 42 53 30 42
19 39 26 50 43 13 59 34 55 42 42 24 19 42 14 37
28 29 59 47 48 47 42 27 22
27 8 42 26
29 54 10 53 47 33 55 5 47 4 50 8 58 27 57 9 47
28 50 5 42 42 35 54 19 19 48 29 30 34 21 20 9
50 8 58 13 38 58 54 4
5 19 19 9 37 19
9 55 13 56 14 57 29 38 46 55 42 8 47 45 48 13 42 5
5 34 20 42
42 42 35 54 48 19 54 34 54
50 8 58 53 16 28 29 59 47 48 47 42 27 27 13 12 53 48
53 27 29 22 39 26 13 50 28 24
54 53 42 42
5 46 51 42 24 5 13 24 42 54 47 55
8 34 5 43 24 21 50
48 54 27 57 42 55 50 5
27 8 42 26 5 55 27 27
20 35 5 37 59 42 57 31 5 48 28 49 5 39 37 15 47
29 54 5 54 8 14 42 30 42 42 9
27 42 40 50 17 31 58 27 57 13 29 39 39
42 55 50 5 9 50 53 43 19
48 42 5 34 20 42
26 42 54 29 42 32 42 13 5
8 47 45 48 13 42 5
27 8 42 26 42 8 34 9 53 43 19 55 42 47 53 42 13 50 57 12
48 29 30 29 13 27 57 9 55 19 58
21 34 53 2 50 0
6 19
53 42 34 48 54 15 27 57 19 48 29 30
50 43 50 9 0
29 54 10 53 47 33 27 29 39 39 13 12 53 48 19 48 29 30
53 42 13 50 57 12 42 8 34 47 27 29 39
48 8 27 42 40 37 42 53 42 19 42 39 55 42
5 30 4 54 47 9 29 29 9
37 19 42 37 13 28 50 5 50 20 5 54
13 24 42 54 47 55 5 9 10 15 42 54
42 47 38 54 53 27 29 22 39 5 34
37 19 42 43 50 47
53 42 13 50 57 12 48 19 54
55 5 27 57 9 47 50 31 58 27 5 24 42 10 9
33 5 58 51 19 48 29 30
24 9 4 28 50 5 31 57 12 27 57 50
5 34 9 50 53 43 19
42 19 24 50 57 44
58 37 3 56 19 39 55 47 4
50 17 31 58 27 3 31 43 50 0
29 54 10 53 47 33
19 39 26 50 43 42 42 55 52 54 19 46 42
29 29 9 5 39 30
55 19 58 35 42 42 35 54 17 42 46 51
5 5 30 4 32 13 5 26 42 54 53 42 42 44 42 50
36 51 22 55 50 8 58 42 14 37
13 38 58 54 42 46 4
13 24 42 54 47 55
42 42 35 54 5 9 9
5 46 51 42 24 5 42 0 22 35
27 42 5 37 42 53 42 29 29 9
29 54 10 53 47 33 37 42 42
51 12 29 24 55 57 54
34 21 20 9 12 55 50 5 24 47 9 14 57
9 50 53 19 53 15 51 53 27 44 42 50
26 28 54 29 8 29 29 9 59 27 36 55 42 55 42 47
51 54 54 47 59 29 38 46 24 5 29 22 1 54 9
42 9 19 9 40 54 19 8 58 13
48 19 54 50 20 5 54 50 8 58
52 54 19 46 42 13 48 19 54 47 54 47 35 13 42 40
22 15 4 53 27 5 14 24 5 42
27 8 42 26 38 33 39 54 46 47 10 9 42 34 22 22 27 20
9 39 14 13 50 27 42 19
58 42 42 35 54 42 53 42
19 39 26 43 5 34 20 42 42 40
14 55 57 54 29 38 46 29 29
42 0 22 35
15 47 44 9 48 11 50 8 58 13 24 42 54 47 55
29 54 10 53 47 33
50 8 58
10 15 42 54 47 9 50 58 29 13 27 57 9
57 13 5 27 42 5 57 13 5 58 37 3 56 19 39
48 13 54 29 8 42
39 39 42 30 42 42 9
29 54 10 47 33 22 59 53 16 46 47 15 44 9 48 28 54 29 8
59 4 37 53 36 51 22 55 48 19 54
14 55 57 17 19 41 24 5 29 22 1 54 9 32 42 13 5 14 55 57 54
55 19 58 54 29 52 42 10 24 13 47 13 34
29 54 10 53 47 33 50 8 58
51 9 5 40 54 53 42 13 50 57 12
50 8 58 9 21 50 24 51 55 19 46 42
54 29 52 10
5 48 14 13 13 56 9 46 42 44 36
42 30 42 42 9
20 28 29 59 42 47
42 14 37 50 57 17 48 13 53 48
5 19 19 9 37 19 9 13 56
5 19 19 9 37 19
29 54 10 53 47 33
47 50 57 14 9 46 42 44 42 57 50 5
53 27 14 24 5
42 37 27 52 8 34 58 12 31 14
53 30 42 53 42 59 21 34
29 29 9 28 50 5 42 31 48 9 9 12 18 33 54
15 47 9 48 11
36 55 48 42 13 24 42 54 47 55
15 51 53 27 13 27 42
55 42 47 5 34 42 9 50 53 43 19
22 19 30 4 34 13 12 53 48
5 19 19 9 37 19 5 5 30 4 54 8 47 45 4 27 48 13
27 42 5 29 54 10 53 47 33
37 57 58 11 5 43 24 21 50
10 9 42 34 22 22 27 20 9 4
10 42 39 51 57 55 48 19 54 41 24 5 22 1 54
5 5 30 4 54 48 19 54
29 13 27 57 9 4 51 5 42 27
46 47 28 50 5 42 31
5 34 19 39 50 43 42 55 50 51 5
55 42 47 26 28 54 29 8 5 24 8 47 45 4 27 48 13
42 55 50 5 39 54 57 53 46
27 29 39 39 9
42 12 24 33 51 55 47
50 51 9 5 27 42 20 35 5 37 29 29 9
41 16 9 8 24 42
19 48 29 30 9 4
10 9 42 34 22 22 27 20 29 13 27 57 9
44 50 59 42 57 31 29
46 42 22 9 15 4 53 27 5 14 24 5 42 35
5 9 26 42 5 29 55 9 42 0 22 35 9
5 9 42 42 55 20 35 5 37
48 8 51 20 5 29 55 9
29 13 47 13 42 30 47 9
49 55 5 43 24 21 50
10 42 39 51 57 55
29 29 9 50 17 31 58 27 31 55 5 9 9 9 12 18 33 54
41 24 5 29 22 1 54 9 12 55 50 11
12 55 50 11
54 29 52 42 10 59 4 37 36 55 48 42
54 17 51 5 5 49 13 42 12 24 33 51 47
13 27 42 12 55 50 11 9 50 53 43 53
31 7 15 53 47 24 51 10 42 39 51 57 55
48 19 54 5 34 37 3 56 19 39 27 57 9
55 47 42 39 42 53 27 29 22 39
27 39 39 47 55 50 57 14
56 20 35 5 37
39 54 29 29 9
14 55 57 17 19 13 24 42 54 47 55 19 39 26 50 43
59 57 31 22 20 9 46 46 37 42 53 42
52 54 14 35 11 54 30 55 42 47 55 19 58 12 55 50 11
55 5 47 4
46 47 42 55 50 5
29 54 10 53 47 3 22 13 59 2
13 12 53 48 48 8 41 8 39 24 13 24 42 54 47 55
47 42 27 5 33 5 58 51 57 53 22 46
5 43 31 59 59 34 29 20 35 5
13 38 58 54 42 46 4 54 29 52 42 10
53 27 5 14 24 5 42 20 29 54 10 53 47 33
47 5 59 46 17 52 42 15 6 19 8 34 50 57 33 4
54 34 54 9 50 53 43 19
53 42 13 50 57 12
13 15 54 8 19
50 57 12 5 29 55 9 13
46 47 31 21 21 49 39 26 42 10 9 42
53 27 29 22 39 48 19 21 43 46 9 42 57
32 42 13 5 50 43 50 9 0 54 29 52 42 10
49 42 42 58 42 57 4 29 29 9
5 29 55 42 40 5 34 54 14 35 2 11 54 30
54 29 52 42 10 53 30 42 53 42 59 21 34 30 42 12 33 51 55 47
9 50 53 43 15 47 44 9 48 11
8 47 45 4 27 48 41 16 9 8 42 24 24 42 5 42 47 38
5 48 14 13
9 9 12 33 54 5 34
29 29 9
27 8 42 26 5 51 12 57 12 27 57
14 55 57 17 19 29 9 43 46 9 42 57
13 24 42 54 47 55 9 46 42 44 42 55 27 8 42 26 47 9 48 11
9 46 44 51 55 47 53 54 37
47 54 47 35 13 42 40
26 13 50 28 24
55 42 47 34 21 20 9 5 55 27 27 5
24 5 29 22 1 54 9 39 54
41 24 5 29 22 1 54 9
10 9 42 34 22 22 27 20 6 19
50 20 5 16 20 35 5 37 42 42 55
42 14 37 29 29 9 26 23 20 9
50 17 31 58 27
23 21 54 53 42 42 15 47 44 9 48 11 54 53 42 42
54 13 8 46 42 22 5 59 53 6
29 9 9 53 50 47 13
59 31 5 51 12
57 50 19 43 42 58 17 39 39 5 34
53 59 12 42 10 50 8 58 42 14
24 13 9 50 53 43 19 53 48
30 31 5 38 57 29 24
5 20 42 50 9 21 54 50 50 24
44 42 50 5 29 39 30 46 47 59 26 23
22 9 42 40 55 53 37 57 12 27 57 50
47 44 9 48 5 46 51 42 24 5 46 59 27
42 5 48 14 13 5 24 27 29 39 39
50 51 9 5 14 55 57 17 19 5 24
26 22 9 46 47 55 50 57 14
28 5 42 31 46 59 27 9 55 13 56
4 51 5 42 27 27 42 42 30 42 42 9 37 3 22 13 59 2
13 24 13 9 4 51 5 42 27
24 13 9 53 42 13 50 57 12
10 9 42 34 22 22 27 20 9 55 13 56
41 5 29 1 54 29 13 27 57 9 5 55 19 58 43 50 47
51 55 47 53 54 37 50 43 50 9 0
43 47 57 13 5
13 24 13 9 5 34 3 22 13 59 2
37 15 14 55 57 54 9 50 53 43 19 53
34 21 20 9
3 22 13 59 2
48 42 17 47 57 53 22 46 39 54
13 24 42 54 47 55 6 19 9 9 53 29 29 9
54 10 53 47 33 5 29 55 9
5 24 48 19 54 13 27 42
27 8 42 26
36 51 22 55 59 4 37
14 57 59 26 23 9 9 12 18 33 54 37 19 42 37 13 28 50 5
42 42 24 19 29 29 9
29 29 9 29 24 17 9 33 54
2 54 27 14 13 24 42 54 47 55
50 57 12 22 5 59 53 54 5 54 8 14
19 48 29 30 10 42 39 51 57 55 48 8
10 9 42 34 22 22 27 20 5 27 14 55 54
19 48 29 30 10 9 42 34 22 22 27 20
9 9 53 36 51 22 55
42 14 53 30 42 13
9 9 12 18 33 54 39 54
42 8 34
41 16 9 8 42 24 24 42 13 57 51
29 9 59 4 37
27 8 42 26 50 57
20 35 5 37 39 33 47 5 51 12
9 50 53 43 19 27 42 5
13 27 42 31 7 27 43 18
48 19 54 5 48 28 49 5 21 29 33
19 53 59 12 42 10 5 34 14 48 42 17 47
59 26 23
50 20 5 54 31 7 39 33 47
29 29 9 9 55 13 56 37 42 53 42 50 43 50 9 0
29 24 9 46 42 44 48 47
27 29 39 39 13 12 53 48 10 9 42 34 22 22 27 20
54 10 53 47 33 5 31 21 21 49 39 57
10 42 39 51 57 55 19 39 26 50 43
10 9 42 34 22 22 27 20
39 33 47 15 47 44 9 48 11
5 51 12
55 42 47 12 50 11
13 12 53 48 54 29 42 51 5 5 49 13 5 31 21 21 49 39 57
36 55 48 42 51 5 5 49 13
21 10 9 42 34 22 22 27 20
42 57 12 27 57 50 55 19 58 41 16 9 8 42 24 24 42
42 57 50 5
37 19 42 13 28 50 5 29 13 47 13 42 30
19 42 19 39 26 50 43
12 55 50 11 50 43 50 9 0 39 33
13 12 53 48 50 9 5 4 46 9 9
39 37 15 47 22 53 22 20 9 46 46 47 45 4 27 48 13
42 19 50 57 44 22 59 53 16
55 42 47 42 42 35 54 22 9 15 4 42 40
59 4 37 14 55 57 54
19 48 29 30 46 47 5 34
41 24 5 29 22 1 54 9 5 43 24 21 50
50 8 58 39 29 5 51 37 42 53 42
53 42 34 21 20 35 5 37
9 13 24 42 54 47 55 5 24
15 47 44 9 48 11 9 23 19 15 4
55 47 51 5 49 13
42 37 27 52 8 9 53 50 47 13 19 29 47 27
53 42 13 50 57 12 50
9 46 42 44 29 38 46 5 19 19 9 37 19 15 47 48 11
37 19 42 37 13 28 50 5 9 55 13 56
52 54 53 30 42 53 42 59 21 34
51 55 47 53 54 37 50 8 58 51 20
54 47 35 13 42 40 5 24 42 35 54
42 30 9 17 43 50 47 6 19
8 47 45 48 13 42 5 29 54 10 53 47 33 9 50 53 43 19
19 42 39 55 42
50 10 9 42 34 22 22 27 20
41 16 9 8 42 24 42 9 4 29 38 46
36 51 22 13 46 47 13 24 42 54 47 55 37 42 53 42
53 4 51 5 42 27 20 13 57 53 22 46 27 8 42 26
42 13 59 34 9 50 53 43
15 47 44 9 48 11 50 57 12
5 9 9 9 55 13 56 13 57 27 42 40
53 30 42 53 42 59 21 34
0 31
5 31 21 21 49 39 57 43 50
37 42 53 42
10 9 42 34 22 22 27 20 19 42 5 13 15
10 9 42 34 22 22 27 20 36 51 22 55
53 27 27 42 20 13 50 20 5 54
53 16 15 47 44 9 48 11 3 22 13 59 2 13 24 13 9 29 38 46
53 27 5 14 24 5 42
29 54 10 53 47 33 13 21 34 53 2 3 24
37 19 42 37 13 28 50 5 10 42 39 51 57 55
13 24 9 39 33 47 21 55 42 47 50 17 31 58 27
13 24 42 54 47 55
29 29 9
29 29 9 42 14 37 26 42 42 42 35 54
13 24 42 54 47 55 52 54 19 46 42
5 9 42 8 34 17
54 29 52 42 10 42 8
41 8 39 54 29 42 9 55 13 56 42 19 34 27 55
9 19 9 39 39 50 54 41 16 9 8 42 24 24 42
42 42 54 50 20 5 54 50 43 50 9 8 58
5 24 8 47 45 48 13 42 5 13 57 51 54 29 42
36 55 42 9 46 44 12 55 11
36 51 55 47 47 9 55 50 5
50 17 31 58 27
10 9 42 34 22 22 27 20
10 19 9 9 12 18 33 54
13 24 13 9 13 24 13 9
9 21 50 24 51 55 19 46 42
58 37 3 56 19 39 4
17 42 46 51 50 51 5 29 29
59 26 23 19 42 39 55 42 48 42 54 29 8 42
5 51 5 29 9 23 21 13 24 23 42 57 33
50 12 34 27 42 42 8 59
52 54 14 35 2 11 54 30
59 4 8 47 45 48 13 42 5 34 21 20 9
5 51 12 5 29 55 9 57 50 19 43 42 58 17
50 47 9 36 51 22 55 24 9 42 44
29 29 9 9 50 53 43 19
34 58 12 31 5 29 55 9 29 29 9 14 55 57 17 19
29 37 57 58 11 53
4 46 9 9 57 13 5 57 50 5 35 55 42 47
42 8 34 48 19 54 10 42 39 51 57
10 19 22 20 9 46 46 53 42 13 50 57 12
57 9 48 8
29 13 27 57 5 31 12 57 9 29 24
13 24 13 9 9 21 54 50 24 5 19 50
53 42 13 50 57 12 57 13 5 5 9 9 19 48 29 30
50 17 31 58 27 29 54 10 53 47 33
52 54 14 27 29 39 39
34 47 54 47 35 13 42 40 5 24 42 58
34 58 12 31 42 19 34 27 55
29 54 10 53 47 33
13 24 13 9 54 29 52 42 10 58 37 3 56 19 39
54 31 42 43 57 41 16 9 8 42 24 24 42 47 44 9 48 11
29 42 9 21 50 24 51 55 19 46 42 55 19
9 50 53 43 53 0 50 8 58 13 27 42 43 13
47 42 27 5 12 55 11
8 50 57 4
44 42 50 21 29 44 42 50 48 8 21 9 55 13 56
19 39 26 50 43 35 48 42
5 24 57 53 22 46 10 9 42 34 22 22 27 20
41 24 5 29 1 54 9 10 42 39 51 57 55
0 9 29 29 9 50 8 58
31 43 42 52 9 10 5 24 42 58
19 39 26 50
54 10 53 47 33 50 8 58 29
10 9 42 22 22 27 20
29 10 53 47 33 42 38 26 28 54 29 8 55 42 47
12 55 50 11 42 42 24 19 45 41
12 55 50 11 9 50 53 43 19
54 29 8 42
22 20 9 46
43 46 9 42 57 15 44 9 48 11 43 59 19 13 13
41 16 9 8 42 24 24 42 14 55 57 54
30 31 5 17 38 57 41 16 9 8 42 24 24
3 22 13 59 2 58 37 3 56 19 39
46 47 10 9 42 34 22 27 20
36 55 48 42 15 47 44 9 48 11
29 54 10 53 47 59 26 23
29 54 10 53 47 33 47 9 48 38 49 37 29 46 42
48 19 54 19 39 26 50 43 43 50 47
41 24 5 29 22 1 9 42 17 50 19 39 12
29 13 47 13 42 30 26 28 54 29 8 20 5 54
29 29 9 42 42 35 54 34 20 42
19 29 47 27 21 39 33 47 13 27 42
9 50 53 43 19 4 46 9 9
27 42 5 42 9 19 9 5 29 55 9 9 9
8 47 45 48 13 42 5 39 54 50 20 5 54
50 50 17 31 58 27 50 13 13
5 27 5 9 10 9 42 34 22 22 27 20
50 57 17 48 59 26 23 13 57 51
13 12 53 48 42 57 50 5 5 19 19 9 37 19
19 39 26 50 43 52 14
13 41 24 5 29 22 1 54 9 5 55 27
42 17 26 13 50 28 24 37 19 42 37 13 28 50 5
59 26 23
15 47 44 9 48 11 42 9 19 9 5 12 57 9
45 41 53 30 42
37 19 42 34 51 9 21 54 50 50 24
10 15 54 29 24 50 57 17 48 15 47 44 9 48 11
37 19 42
14 55 57 17 19 27 8 42 26 13 5 51 9 5 48 14 13
19 39 26 50 43 29 54 5 8
17 42 46 51 42 5 48 14 13
9 55 13 56 5 55 27 27 5
14 57 17 19
9 50 53 43 19 13 27 42 48 19 54 14 54
20 35 37 8 47 45 4 27 48 13
50 53 36 26 42
54 5 54 8 14 42 19 24 50 57 44 42 55 50 5
27 42 40 54 5 5 9 51 42 54 13 8 46 42 42 50
57 25 58 37 3 56 19 39 53 27 29 39
42 8 26 29 8 47 42 27 5
41 24 5 29 22 1 54 9
29 13 27 57 9
29 29 9 42 42 24 19
37 19 42 37 13 28 50 5 54 29 42 27 42 5
9 9 12 18 33 54 5 24 29
53 27 5 14 5 42
26 28 54 27 54
53 27 5 14 24 5 42
5 31 21 21 49 39 57 46 47 46 42 44 5 34
3 13 59 2 15 53 47 24 51 42 34
30 5 5 30 4 54
42 42 55 48 42 17 47 19 48 29 30
52 54 19 46 42
53 13 50 57 12 50 20 5 54
29 53 59 42 10 50 21 53
44 50 5 24 29 54 10 10 9 42
42 0 22 35 5 46 51 42 24 5 44 42 50 42 12 24 33 51 55 47
29 38 3 22 13 59 2
15 47 59 4 29 54 10 53 47 33
46 47 34 42 48 19 54 42 42 59 42 12 24 50 8 58
51 53 27 19 48 29 30 59 57 3 22 13 59 2
27 9 50 53 43 19
45 41 54 5 54 14 22 20 9 46 46
10 9 42 34 22 22 27 20
9 56 29 13 47 13 42 30 55 24
42 55 50 5 14 55 57 54 42 8
54 29 8 42 46 4 50 58
5 43 31
57 12 27 57 50 42 47 38
51 20 13 5 9 9
42 35 19 9 54 13 8 46 42
9 55 13 56 50 43 50 9 6 19
5 46 51 42 24 5
24 13 13 34 2 54 27 14
4 44 44 54 19 39 26 50 43
14 55 57 17 19 55 54 29 17 42 46 51
42 55 50 5 15 47 44 9 48 11
42 53 42 5 29 39 30 42 42 55 42 29 13 47 12
30 31 5 17 38 57 36 51 22 55 45 41 27 42 5
13 24 42 54 55
29 29 9 22 9 15 48 19 54
42 55 50 5 42 9 55 54 29 55 24
50 43 50 9 0
28 59 47 48 47 42 27 27 21 55 5 47 4
29 13 27 57 9 22 4 46 54 20 46 15
46 31 59
54 29 52 42 10 50 43 50 9 0
57 53 46 52 54 14 35 2 11 54 30
5 31 21 21 49 39 57
19 39 50 43
9 21 54 50 50 24 10 42 39 51 57 55
37 58 11 9 19 9
38 33 39 54
50 19 39 12 39 54 15 51 53 27
42 42 35 54 42 0 22 35
48 19 54
9 50 53 43 19 8 43 59 19 10 42 39 51 57 55 19 48 29 30
8 47 45 48 13 42 5 19 48 29 30
42 29 13 47 12 29 24 19 48 30
55 47 4 20 28 29 59 42 47
14 57 54 47 38 22 4 46 54 20 46 15
47 54 47 35 13 42 40 23 21
9 9 12 18 33 54 52 54 14 35 2 11 54 30 42 42 35
13 24 42 54 47 55
19 42 5 13 15 42 35 54 19 58
29 38 46 13 12 53 48 42 47 38
19 42 5 13 15 52 54 14 35 2 11 54 30
42 24 33 51 47 5 34 20 42
29 39 39 54 29 42
29 13 47 12 52 54 14 29 5 34 20 42 42 42 55
13 27 42 5 12 52 5 51 12
12 50 11 27 42 6 19 54 34
55 47 53 54 37
53 30 42 53 42 59 21 34
5 24 5 34 13 12 53 48 58 37 3 56 19 39
27 40 20 35 26 42 57 13 5
5 6 19 42 8 34 42 17 27 42 5 27 29 39 39
10 42 55 54 13 8 46 42 46 54 13 24
43 50 47 13 37 42 53 42 42 47 38 36 51 22 55
4 46 9 9 54 29 42
13 12 53 48 53 27 5 14 24 5 42
10 19 24 54 29 12 55 50 11 53 42 13 50 57 12
14 55 57 54 34 21 20 9
5 39 13 42 36 55 48 42 13 27 42
50 53 43 19 53 8 47 45 48 13 42 5 27 5 24 5 42
41 24 5 29 1 54 9
42 42 35 54 29 29 29 29 9 29 9 41 8 39
59 4 37 19 42 5 13 15
55 47 53 54 42 0 22 35 10 15 42 54
3 22 13 59 2 13 12 53 48 26 53 30 42 53 42 59 21 34
53 42 13 50 57 12 6 19
29 53 30 42 53 42 59 21 34
27 42 40 54 29 42
37 42 53 42 14 55 57 54
19 39 26 50 43 6 10 42 39 51 57 55 40
29 29 9 54 59 13 53 42 13 50 57 12
23 21 55 19 58 55 47 42 39 42 42 59 42 12 24
37 19 42 46 47 48 19 54 5 34 29 54 10 53 47 33
13 24 13 9 50 8 58 5 5 5 30 4 54 55 13 56
55 42 58 37 3 56 19 39 54 5 54 8 14 19 48 29 30
8 47 45 4 27 48 9 46 42 44
28 50 5 42 31
53 42 13 50 57 12 19 42 39 55 42
9 4 10 42 39 51 57 55
57 55 42 47 45 41 48 17 47 5 29 9
5 5 30 4 54
36 51 22 55
50 43 50 9 0 5 34 20 42
5 31 21 21 49 39 57
27 42 40 5 51 12
9 50 8 58 44 42 50 22 5 59 53 35 58 37 3 56 19 39
14 55 57 17 19 44 42 50
42 12 24 33 51 55 47
19 39 26 50 43
53 42 13 50 57 12 27 42 5
4 39 29 5 51 29 13 47 13 42 30 9
53 30 42 53 42 59 21 34
10 19 41 8 39 42 17
50 17 31 58 27 54 16 57
42 55 50 5 13 27 42 5 5 9 9 5 48 37 27 54 29
10 42 39 51 57 55 29 10 53 47
5 34 20 42 51 20 27 29 39 39
17 42 46 51 12 55 50 11 9 21 54 50 50 24
15 47 44 9 48 11 42 42 35 54
59 4 37
29 54 53 42 42 52 54 19 46 42
53 59 12 42 10 9 55 13 56 6 52 14 42 0 22 35
4 42 40 57 13 5
54 29 42 5 24 29 54 10 53 47 33 37 19 42 34 51
5 24 46 47 10 42 39 51 57 55 21 34 53 2 50 0
21 50 13 13 29 54 10 53 47 33
51 55 47 53 54 37 5 48 14 13
53 59 12 42 10 41 24 5 29 22 1 54 9
27 42 40 32 42 13 5 27 29 39 39
9 57 13 5 27 42 40 5 27 29 39 39 48 19 54 57 13 5
42 34 6 19 42 42 24 19
8 47 45 48 13 42 5 5 34 37 58 11
43 50 42 17 55 19 58
19 48 29 30 37 19 42 37 13 28 50 5
50 53 43 19 41 16 9 8 42 24 24 42
54 13 4 46 9 21 34 53 2 50 0 42 9 50 53 43 19
27 8 42 26
37 19 42 37 13 28 50 5 50 43 50 9 0
55 5 47 4 55 58
50 8 58 42 8 34 3 22 13 59 2 57 9 4 55 57
37 19 42 37 13 28 50 5
5 43 24 21 50 42 59 34 54 29 42
5 14 34 9 21 50 24 51 55 19 46 42
9 46 42 44 53 27 29 22 39 5 24
41 24 5 29 22 54 9 52 54
8 47 45 48 13 42 5 10 19 55 19
27 42 40 17 10 9 42 34 22 27 20
29 13 47 13 42 30 5 12 52
13 27 42 50 17 31 58 27
9 4 9 43 25 53
9 9 55 13 56 50 12 34 27 42 42 8 59
29 13 47 13 42 30 27 42 54 29 52 42 10
5 29 9 55 56 47 9
46 54 13
53 30 42 53 42 59 21 34 46 54 13
5 31 57 9 5 9 9 19 48 29 30 51 22 55
26 42 48 42 30 42 42 9 20 35 5 37 13 12 53 48
5 34 50 50 9
5 24
3 22 13 59 2 5 5 30 4 54
36 55 48 42 29 29 9 55 57 54 55 19 58
50 39 19 6 19
42 42 59 42 12 24 13 24 42 54 47 55
15 47 44 9 48 11 42 42 39 4 54
19 39 26 50 43
44 42 50
50 17 31 58 27
12 55 50 11 42 17 14 55 57 19
42 55 50 5 21 29 33 5 9 9
9 46 42 44 59 26 5 24 57 27 13 39
9 50 53 43 19
9 55 13 56 22 59 53 16 50 52 54 19 46 42
29 29 9 27 8 42 26
19 39 26 50 43 28 50 5 42 31 5 34 42
42 14 37 41 24 5 29 22 1 54 9
13 9 50 53 43 19 5
57 12 27 57 50 53 27 29 22 39 43 50 42 47 38
27 39 19 13 27 42 4 14 55 57 17 19
13 47 13 42 30 21 34 53 2 50 0
19 48 29 30 4 42 42 35 54
52 54 19 46 42 28 29 59 47 48 47 42 27 27
42 9 5 5 30 4 54 44 42 50
55 5 47 4 39 54 54 29 52 42 10 55 5 47 4
55 19 58 29 29 9 27 42 40 42 30 17 48 8 16 42 13 50 57 12
52 14 50 17 31 58 27
42 42 8 34 5 34 20 42
9 9 12 18 33 54 22 50 57
15 47 44 9 48 11 9 50 53 43 19 53
48 19 54 57 22 46 17 42 46
42 37 27 52 8 9 46 42 44
27 57 9 47 13 5 41 24 5 29 22 1 54 9
5 19 19 9 37 19 19 39 26 50 43 14 55 57 54
37 42 53 42 14 55 57 17 19
26 13 50 28 24 42 17
39 54 29 37 36 58 53
42 0 22 35 42 19 24 50 57 44 44 42
28 50 5 42 31 26 53 8 47 45 48 13 42 5
22 59 53 16 9 53 42 14 37
48 19 54 48 19 54 42 37 57 8 9
8 47 45 48 13 42 5 29 29 9 42 12 24 33 51 55 47 59 4 37
5 31 12 57 9 54 29 42
50 43 50 0 21 34 53 2 3 24 13 47 13 34
59 26 23 26 13 50 28 24
30 31 5 17 57 50 58 5 51 12
29 13 47 13 42 30 47 9 47 9
14 55 57 17 19
19 19 9 37 19 27 8 42 26
47 42 27 5 9 44
29 29 9 14 55 54
26 13 50 28 24
50 13 13 53 30 42 53 42 59 34
13 54 13 8 46 42
43 50 47 22 13 14 5 14 34 12 55 50 11 42 24 33 51 55 47
13 39 33 47 2 20 54 13 8 46 42 47 54 47 35 13 42 40
55 19 58 41 16 9 8 42 24 24 42
5 14 34 3 22 13 59 2 4 51 5 42 27
5 54 8 14 42 17 36 55 48 42 27 42 48 19 29 30
42 55 50 5 23 10 42 34 22 22 27
51 20 50 12 34 42 42 8 59 20 35 5 37
3 22 13 59 2 20 28 29 59 42 47 47 9 46 47 42 14 5 48 14 13
37 19 42 34 51 12 55 50 11
5 29 39 30 9 54 53 42 42
48 54 15 27 57 59 4 37 14 55 57 54 5 14 13
9 21 50 24 51 55 19 46 42
34 58 12 31 51 20 29 54 10 53 47 33
22 9 15 4
29 13 47 13 42 30 5 29 39
5 31 21 21 49 39 57
53 42 50 57 12 35 13 57 5 34 20 42
43 47 5 29 39 30 52 54 19 46 42 35 26 42 34 21 20 9
50 43 50 9 3 59 54 29 42
14 55 57 54 19 51 5 5 49 13
52 54 19 46 42 43 50 47 19 39 26 50 42 55 5 13 24 42 54 47 55
29 29 9 50 8 58 5 24 5 34
42 12 24 51 55 47 55 19 34 20
53 27 29 22 39 21 19 42 42 0 22 35
55 42 47 19 39 26 50 43 4 46 9 9
42 42 59 42 12 24 8 47 45 48 13 42 5 3 22 13 59 2
19 42 39 55 42 46 59 27 53 42 13 50 57 12 17 42 46 51
14 57 42 29 13 12
5 34 20 42 58 11 39 54 6 19
21 53 5 9 9 24 5 48 28 49
42 30 42 42 9 53 36 13 24 13 9
27 40 10 42 39 51 57 55 42 14 37
50 51 9 5 42 30 42 42 9 40 19
13 27 42 9 55 13
17 42 51 5 9 9 19 48 29 30
29 13 47 13 42 30
37 42 53 42 3 22 13 59 2 13 24 42 54 47 55
53 42 13 50 57 12 19 42 5 13 15
42 13 59 34 29 13 27 57 9 15 47 9 11
8 45 48 13 42 5 27 42 57 13 5 53 36
59 4 37 29 44 42 50
52 54 14 35 2 11 54 30 47 9
42 9 9 51 5 5 49 13 57 12 27 57 50
48 8 55 42 47 15 51 39 33 47
54 13 8 46 42 5 31 12 19 48 29
19 42 55 42 29 12 42 14 37
59 4 37 41 51 55 47 53 54 37
5 31 21 21 49 39 57 21 34 53 2 50 0
9 55 13 56 14 55 57 54 5 24
41 16 9 8 42 24 24 42 50 20 5 54
5 14 34 47 42 27 5 29 5 34 14
20 5 54 5 54 8 14
41 24 5 29 22 1 54 53 42 13 50 57 12 27 8 42 26
29 24 17 9 33 54
10 9 42 34 22 22 27 20 3 22 13 59 2
55 5 47 4 5 27 39
29 2 20 13 12 53 48 5 5 30 54
55 13 56 54 17 5 34
8 47 45 48 13 42 5
48 19 54
55 5 47 39 33 47 55 42 47
13 12 48 39 33 47 50 8 58
9 50 53 43 53 53 42 13 50 57 12
19 47 42 27 5
45 42 57 26 50 51 9 5
9 53 16 27 42 5 27 29 39 39 5 43 24 21 50
41 16 9 8 42 24 24 42 52 54 19 46 42
47 21 5 5 49 13 42 13 59 34
32 42 13 5 42 42 55
19 42 13 37 42 53 42
15 47 44 9 48 11 14
54 53 42 42 42 9 19
58 37 3 56 19 39 14 34 9 50 53 43 19 53
50 8 58
9 50 53 43 19 53 57 13 5 29 9
9 46 42 44 53 30 42 53 42 59 21 34
28 50 5 42 31 0 22 42 47 38
5 12 52 9 46 42 44 27 42 40
27 8 42 26 55 5 47 4 51 5 49
52 54 14 8 47 45 48 13 42 5
37 42 53 42 27 42 58 37 3 56 19 39 14 55 57 54
53 42 13 50 57 12 29 39 30
5 34 20 42 29 54 10 53 47 33
27 8 42 26 42 42 24 19 33 47
9 46 42 5 9 9 39 54 51 20
47 9 53 27 5 14 24 5 42
12 55 11 19 47 9
42 8 58 37 3 56 19 39 19 48 29 30
13 27 42 50 57 12
12 55 50 11 15 53 24 51
54 5 19 39 26 50 43 42 42 35 54
55 19 58 55 19 58 9 23 19 15 4
54 29 8 42 43 50 47 34 21 20 9
27 42 40 20 35 5 37
51 5 5 49 13
5 43 31 5 43 31 47 5 24 42 58
12 55 50 11 12 50 11
42 55 50 5 53 36 42 19 24 50 57 44
27 8 42 26 55 42 47 13 24 42 54 47 55
5 24 50 20 50 43 50 9 0
29 29 9 19 39 26 50 43
21 34 2 50 0 22 20 9 46 14 55 57 54
54 14 36 48 42 42 19 37 42 53 42
19 42 39 42 42 9 19 9 9 50 53 43 19 50 8 58
29 54 10 47 33 39 29 5 51 54 53 42 42
50 43 50 9 0 8 9
5 48 14 13 42 42 55
50 8 58 29 29 9 42 50 17 31 58 27
9 50 43 19 19 39 26 50 43
19 54 13 12 53 48
28 50 5 42 31 5 34
29 54 10 53 47 33 46 47 42 9 19
42 38 9 46 42 44 5 46 51 42 24 5 50 8 58
9 9 12 18 33 54 34 21 20 9
15 47 44 48 11 21 34 53 2 3 24
5 43 24 21 50
37 42 53 42 46 51 24 5 10
24 13 47 13 34 29 54 10 53 47 33
48 42 13 5 48 28 49 5 50 12 34 27 42 42 8 59
53 42 13 50 57 12
53 27 29 22 39 26 53
43 46 9 42 57
10 9 42 34 22 22 27 20
34 58 12 31 27 42 40 37 19 42 34 51
9 50 53 43 19
54 10 15 42 54 19 39 26 50 43 8 47 45 48 13 42 5
48 8 50 8 58 19 42 5 13 15
8 54 51 55 47 53 54 37 20 42
8 34 42 24 19
53 30 42 42 59 21 34 53 27 29 22 39 27 42
19 39 26 50 43 28 29 59 47 48 47 42 27 27
3 13 59 2 42 17 5 24 15 47 44 9 11
50 12 34 27 42 42 8 59
44 42 50 54 29 52 10 36 48 42 41 24 5 29 22 1 54 9
30 31 5 38 57 55 42 47
50 8 58 8 47 45 48 13 42 5 42 8 34
43 50 47 55 50 11 29 29 9 10 15 42 54
42 13 59 34 58 42 14 37 15 47 44 9 36 55 48
27 42 5 0 31 27 42 39 54
3 22 13 59 2 42 42 24 19
13 38 58 54 42 46 4 13 48 19 54
9 28 50 5 42 31 19 48 30
50 8 58 51 20 57 8 9 14 55 57 17 19
42 55 50 5 55 19 58 42 0 22 35
15 47 44 9 48 11 9 50 53 43 19
22 9 46 57 8 59 26 23
9 53 50 47 13
57 8 9
27 42 40
42 8 34 42 14 37 5 46 51 42 24 5
27 8 42 26 2 30 55 13 56
9 50 53 43 19 47 9
27 8 42 26 19 48 30 9 55 56 0 22 46 13 5 47 9
37 19 42 37 13 28 50 5
9 4 57 8 9 47 55 50 57 14 47 38 59 4 37
53 42 13 50 57 12 6 19 20 5 13 42 13 59 34
5 47 4 31 7 27 43 18 5 34 20 42
42 55 50 5 15 53 47 24 51 42 55 5
50 20 5 54 37 42 53 42
13 9 50 53 19
29 29 9 46 54 13 13
59 26 23 15 47 24 51 42 8 34 8 47 45 48 13 42 5
13 59 34 54 29 42 37 19 42 9 21 50 24 51 19 46
53 30 42 53 42 59 21 34 52 54 19 46 42
47 50 57 14 35 31 7
50 20 5 54 19 48 29 30 9 21 50 24 51 55 19 46 42
10 19
47 54 47 35 42 40 22 5 59 53 9 21 50 24 51 55 19 46 42
20 5 13 53 59 12 42 10 17 42 46 51
43 47 9 55 13 56
50 58 27 27 9 21 54 50 50 24
31 5 43 31 29 38 46
27 8 42 26
42 34 51 20 42 55 50 5
26 42 55 19 58
53 27 29 22 39 19 29 47 27 10 9 42 34 22 22 27 20
50 8 58 54 19 46 42 14 55 54
46 54 13 22 9 15 4 48 19 54 54 59 13 19 48 29 30
5 34 54 17 9 55 13 56 5
27 42 19 48 30 14 57 54 50 17 31 58 27 42 0 22 35
42 8 34 9 42 44 53 30 42 53 42 59 21 34
27 8 42 26 21 34 53 2 50 0
31 7 49 42 42 58
27 42 19 48 29 30 28 29 59 47 48 47 42 27 27
8 47 45 48 13 42 5 10 19 29 29 9 26 28 54 29 8
9 21 50 24 51 55 19 46 42 48 53 59 29 13 30
19 48 29 30 50 12 34 27 42 42 8 59 37 19 42 37 13 28 50 5
48 19 54 19 48 29 30 55 42 47
42 0 22 35
29 54 10 53 47 33 17 31 58 27 51 20
42 8 34 5 34 20 42 29 29 9 5 29 55 28 50 5 42
5 27
50 17 31 58 27 26 13 50 24
54 13 8 46 42 58 37 3 56 19 39
57 13 12 53 48
13 59 34 55
50 8 58 13
10 9 42 34 22 22 27 20
53 30 42 3 22 13 59 2
29 54 53 47 33 47 9 5 9 9 55 29 5 46 51 42 24 5
13 12 53 48 54 59 13 13 5 5 30 4 54
50 51 9 5 27 42 40 27
3 22 13 59 2 20 35 37
29 29 9 42 19 24 50 57 44
12 55 50 11 57 13 5 10 9 42
36 51 22 55 57 50 19 43 42 58 17
41 16 9 8 24 24 42
57 12 57 50 42 8 34 5 34 20 42 21
19 42 39 55 42
42 42 24 13 24 42 54 47 55 36 51 22 55 9 55 13 56
14 55 57 17 19 55 19 58 5 34
22 19 30 4 34 22 9 15 4 5 24
42 0 22 35 5 31 12 57 9 53 22 4 46 54 20 46 15
59 37 5 9 9 53 59 12 42 10
14 13 10 9 42
29 24 42 42 35 54 5 29 30 50 58 29 13 27 57 9
20 35 5 37 12 55 50 11
2 54 27 14 9 50 53 43 19 53
22 9 15 4 29 38 46 8 47 45 4 27 48 13 57 12 27 57 50
53 42 13 50 57 12 43 50 47
53 42 13 50 57 12
19 48 29 30
41 16 9 8 42 24 24 42 42 47 38
46 59 27
54 57 55 44 42 44 42 50 37 57 58 11
41 24 5 29 22 1 54 9 5 43 24 21 50 13 13 15 54 19
15 47 44 9 48 11 9 55 13 56
9 50 53 43 19 53
29 13 27 57 9 37 42 53
15 47 44 9 48 11 59 26 23 27 42 14 55 57 54
5 39 13 42 14 55 57 54 53 30 42 50 20 5 54
21 34 53 2 50 0 42 42 35 54
13 13 24 13 9 51 9 54 22 48 4 37 27 42 40
9 46 42 44
27 42 40 9 38 33 39 54 39 54
19 42 39 55 42 46 47
51 54 54 47 59 5 34
40 54 19 50 8 58
14 55 57 17 19 13 27 42 5 9 21 54 50 24
39 54 29 37 36 58 53
47 42 27 5 9 50 43 19 53
42 30 42 42 9
15 47 44 9 48 11 50 8 58 42 8 34 5 43 24 21 50
39 29 5 51 38 33 39 54 6 19
54 13 8 46 42 42 5 8 47 45 48 13 42 5
26 28 54 29 8
37 54 53 27 21 47 13 57 51
9 55 13 56 54 53 42 42
37 57 58 11 57 13 5 5 48 14 13
42 42 35 54
26 50 24 13 24 42 54 47 55
6 19 48 19 54 51 5 5 49 13
12 55 50 11
2 30 50 17 58 27 4 47 9 0 31
41 8 39
28 29 59 47 48 47 42 27 27
30 31 5 17 38 57
36 55 48 42
42 57 50 13 43 50 47
37 19 42 5 34 20 42
42 35 42 19 24 50 57 44
42 12 24 33 51 55 47 29 29 9
5 24 50 57 14 19 54
22 20 9 46 46
9 50 53 43 19 53
42 40 13 42 5 27 9 21 54 50 50 24
57 12 27 57 50 5 34 54 13 8 46 42
41 37 38 27 55 57 47 29 24
6 19 51 20 19
14 57 22 9 15 4
54 29 42 5 24 2 30
51 55 47 53 54 37 51 55 53 54 37 13 12 53 48 36 51 22 55
53 30 42 53 42 59 21 34 6 19 55 19 58 5 24 42 58 5
12 55 50 11
50 17 31 58 27
9 57 13 9 43 25 53 26 13 28 24 21 29 33 9 46 42 44
13 27 42 5 31 12 57 9 42 47 38 57 13 5
42 9 19 9 5 24 53 27 5 14 24 5 42
50 51 9 5 55 19 58
37 19 34 55 11 13 12 53 48 5 12 52 13 27 42
41 16 9 8 42 24 24 42 42 8 34 20 28 29 59 42 47
55 57 22 54 46 15 42 55 50 5 37 42 36 55 48 42
29 29 9 29 29 9 45 41 54 34 54
5 5 30 4 54 36 48 42
29 29 9 54 53 42 42 48 53 27 8 42 26
43 50 47 5 19 19 37
41 16 9 8 42 24 24 42 54 8 27 57
51 55 47 53 54 37
13 12 53 48 54 29 42
48 54 8 47 45 48 13 42 5 42 42 24 19
29 29 9 8 29 29 9 55 50
19 42 5 13 15 50 8 58 5 34 54 29 52 42 10
37 54 53 27 21 47 22 20 9 46 46 29 29 9
27 42 40 5 9 51 42 31 7 27 43 18
9 21 50 24 19 46 42
59 42 57 31 51 5 5 49 13
13 57 9 54 29 42 26 42 29 29 9 53
47 42 27 5 12 55 50 11 5 29 39 30
37 57 58 11 9 21 50 24 51 55 19 46 42 5 5 30 4 54
19 48 30 42 47 38
8 47 45 48 13 42 5 43 13 50 43 50 9 0
42 13 59 34
39 54 29 37 36 58 53 13 24 42 54 47 55
47 42 9 53 5 42 30 42 42 43 47 59 42 31
42 12 24 33 51 55 47
48 42 17 47 54 29 42
14 55 57 54
27 42 5 42 12 24 33 51 55 47
9 50 53 43 19 53 14 37
29 55 41 16 42 24 24 42
50 17 31 58 27 26 13 50 24 43 50 47 14 55 57 17 19
19 42 5 13 15 33 28 59 55 5 4
9 46 42 44 22 9 15 4
48 19 54 5 34 21 17 42 46 51
9 50 53 43 19 10 9 42 34 22 22 27 20
53 42 13 50 57 12 5 5 30 4 8 58
46 47 42 30 42 42 9
42 42 54 46 47 30 13 24 9 26 28 54 27 54
5 5 30 4 54 45 41 42 14 37 19 42 37 13 28 50 5
21 27 8 42 26 42 14 37 29 29 9
13 12 53 48 5 43 24 21 50
29 9 15 53 47 24 51 9
42 8 34 53 27 13 29 13 47 13 42 30 9 50 53 53
52 54 14 41 24 29 22 1 54 9 22 20 9 46 46
13 24 42 54 55 37 42 53 42 12 55 50 11
6 19 42 26 28 54 27 54
53 16 13 12 53 48 19 39 26 50 43
46 54 13 19 48 29 30 39 29 5 51
43 50 47 29 29 9 29 54 10 47 33
36 51 19 48 29 30 22 5 59 53 37 19 42 37 13 28 50 5
54 29 52 42 10 37 57 58 11 55 42 45 41 29 24
8 42 19 24 50 57 44 44 42 50
8 58 21 33
51 54 54 47 59 13 12 53 48
9 50 53 43 19 53 42 13 50 57 12
50 8 14 57 47 9 13 24 42 54 47 55
5 9 51 42 53 27 29 39
8 47 45 48 13 42 5
19 42 5 14 55 57 17 19
42 42 39 4 54 10
57 8 9 5 34 20 42 46 47 29 5 48 14 13
42 47 38 47 55 50 57 14
54 53 27 21 47 29 29 9 59 4 37
5 5 30 4 54 57 9 4 37 57 25 29
15 51 42 57 50 29 29 9 9 21 54 50 50 24
13 38 58 54 42 46 4
27 42 5 42 55 50 5
8 47 45 48 13 42 5 8 9 57 12 27 57 50
55 5 47 4
37 19 42 37 13 28 50 5 50 57 17 48
9 13 56
29 39 39
50 12 34 27 42 42 8 59
55 54 29 54 10 53 47 33
21 53 27 5 14 24 5 42
10 19 5 48 14 13
9 50 53 43 19 53 50 43 50 9 0
29 28 50 42 31 20
5 43 31 5 34 20 42
42 14 37 36 48 59 26 23
9 42 57 50 5 42 0 22 35
10 15 42 54 50 17 31 58 27
5 47 4 48 19 54 10 42 51 57 55 5 34 20 42
55 5 47 4 29 2 20 14 55 57 17 19
48 19 54 41 16 9 8 42 24 24 42
53 42 13 50 57 12 13 36 51 22 55
20 35 5 37 10 15 42 54
5 5 30 4 54 14 29 38 46 27 42 40 59 26 23
47 9 15 47 24 51 10 42 39 51 57 55
43 19 53 49 42 58
53 42 13 50 57 12 13 42 5
5 55 27 27 5 8 47 45 48 13 42 5
36 51 22 55 29 29 9
15 47 44 9 48 11
53 27 5 14 24 5 42
55 5 27 42
14 55 57 39 26 50 43
5 34 33 5 58 51 59 26 22 20 9 46 46
39 54 29 37 36 53 29 37 19 42 29 29 9
42 50 5 29 13 27 57 9 42 17 27 42 40
13 56 44 42 50 44 42 50 45 41 50 43 50 9 0
54 13 8 46 42 59 26 23 27 29 39 39
27 9 50 53 43 19 53
53 13 50 57 12 29 2 20
53 30 42 14 55 54
4 13 24 13 9 24 42 55 50 5 51 5 49 13
27 42 42 17 54 53 42 42
53 27 29 22 39 36 51 22 55
9 50 53 43 19 55 50 5 5 34 42 42 24 57 13 5
42 30 9 17 50 47 28 54
54 22 5 59 53 42 42 24 19 37 57 58 11
9 56 10 9 42
21 29 33 9 50 53 43 19
10 9 42 34 22 22 27 20 5 5 30 4 54
20 35 5 37 5 51 57 42 36 42 55 50 5
24 13 47 13 34
43 46 9 42 57 13 27 42
27 29 39 42 8 34 54 53 42 42 37 19 42 37 13 28 50 5
53 30 42 50 53 43 19 53 37 19 42 34 51 14 57
19 29 47 27 5 24
41 16 9 8 42 24 24 42 29 38 46
53 30 42 53 42 59 21 34 3 22 13 2
9 50 53 43 19 53
55 42 47 22 20 9 46 46 42 9 19 9
10 9 42 34 22 22 27 20
41 24 5 29 22 1 54 9
15 47 44 9 48 11 45 41 59 26 23
37 19 42 34 51 5 34
5 51 12 29 38 46 29 54 10 53 33
42 55 50 5 42 57 50 5
9 12 18 33 54 47 42 27 5
8 47 45 48 13 42 5 50 20 5 54 44 42 50 9 50 53 43 19
34 27 42 42 8 59
37 19 42
36 51 22 50 13 13 24 10 9 42 34 22 22 27 20
48 42 17 47 31 5 17 38 57 53 36 46 27 29
4 51 5 42 27 29 24
42 55 50 5
5 48 14 13 22 9 15 4 6 19
54 53 42 42
5 34 22 20 9 46 46 39 54 53 42 13 50 57 12
46 54 55 42 47 50 20 5 54 28 50 5 42 31 5 5 30 4 54
29 13 27 57 9 6 5 34
37 19 42 37 13 28 50 5 19 29 47 27
10 9 42 0
5 34 20 42 26 28 54 29 8
9 50 53 43 19 59 59 34 29 53 27 29 39
29 29 9 26 42 57 50 19 43 42 58 17 53 16
57 12 27 57 50
50 8 58
9 42 34 22 22 27 20 17 42 46 51
10 42 39 51 57 55
42 30 42 42 9 53 30 42
51 20 58 12 31 50 8 58 53 27 14 24 5 42
27 8 42 26 5 34
55 19 58 53 47 51 32 13 5
5 3 22 13 59 2
10 9 42 34 22 22 27 20
3 22 13 59 53 59 12 42 10
48 8 42 42 35 54 5 51 12
29 29 9 6 19 28 29 59 47 48 47 42 27 27
9 42 34 22 27 20
53 27 5 14 24 5 42
55 42 48 14 13 31 7 27 43 18
50 8 58 46 42 44
55 19 58 15 47 44 9 48 11
13 24 13 9 6 19 27 42 5
53 27 5 14 24 5 42 5 55 27
39 33 47 54 19 46 42
55 5 4 8 34 50 33 4
50 51 9 5 5 31 12 57 9 8 47 45 4 48 13
5 24 48 19 54 50 51 9 5 22 4 46 54 20 46 15
28 29 59 47 48 47 42 27 27 59 4 37 9 23 19 4
54 8 27 57 26 42 21 24 13 47 13 34
42 0 22 35 5 9 9 29 26 13 50 28 24 29 55 9
42 55 24 42 8 34 46 54 13
15 44 9 48 11 9 9 18 33 54 29 39 39
32 42 13 5 6 19
9 55 13 56 4 50 20 5 54
8 59 19 54 53 42 42
42 42 35 9 46 42 53 36 46 27 29
42 42 59 42 12 24 5 34
22 4 54 20 46 50 20 54 10 9 42 34 22 22 27 20
29 54 10 53 47 33 5 19 50
44 50 8 47 45 48 13 42 5
13 24 13 9 5 5 30 4 54 53 42 13 50 57 12
55 19 58 37 57 42 9 9 42 42 39 4 54 10 42 30 42 42 9
5 29 9 9 50 53 43 53
42 17 5 31 12 57 9
5 5 30 4 54
5 46 51 42 24 5 42 0 22 35
22 59 53 43 46 9 57
19 48 29 30
26 23
21 34 53 2 3 24 50 17 31 58 27 9 55 13 56
53 42 13 50 57 28 50 5 42 50 21 53 13 24 42 54 47 55
5 29 39 30 50 58
53 30 42 53 42 59 21 34 13 24 42 54 47 55
29 54 10 53 47 33 42 9 19 9
9 21 54 50 50 24 19 48
54 17 29 42
13 42 19 22 20 9 46 46 19 48 29 30
55 57 54
9 9 12 18 33 54 5 29
37 42 53 42
5 46 51 42 24 5
9 50 53 43 19 53 52 54 14 35 2 11 54 30
43 59 19 48 54 42 57 31 53 42 13 50 57 12
41 24 5 29 22 1 9
13 19 39 26 50 43 55 50 13 57 51 43 9 42 57
19 54 47 9 54 53 42 42
3 22 13 59 2
14 55 57 17 19 29 13 47 13 42 30
13 54 53 42 42 40 54 19 50 51 9 5
42 57 50 5 27 29 39 39 42 30 42 42 9
42 34 42 55 50 5 53 59 42 10 59 59 34 29 13 27 42
29 54 10 53 47 33 42 8 34 55 50 11
16 5 31 21 49 39 57
50 9 0 42 42 55 55 5 47 4
9 21 50 24 51 55 19 46 42
15 47 44 9 48 11 9 55 13 56
19 48 29 30 19 48 29 30 29 13 47 13 42 30
29 38 46 44 42 50 59 42 57 31
27 42 40 12 55 50 19
42 12 24 33 51 55 47 43
22 13 59 42 30 42 42 9
47 54 47 35 13 42 40 38 44 42 50
31 7
42 55 50 5 4 37
10 15 42 54
5 29 39 30 54 19 46 42
22 4 46 20 46 15
9 21 54 50 50 24 48 27 8 42 26
42 57 50 5 13 42 8 34 27 42 40
42 14 37 31 7 9 21 50 24 51 55 19 46 54
3 22 13 59 2 50 5
42 12 24 33 51 55 47 42 47 38
26 28 54 27 54 54 29 42 5 48 28 49 5
8 19 57 13 5 42 9 19 9 29 24
42 42 55 5 34
36 55 48 42 9 46 42 44
42 53 42 9 4 9 21 50 24 51 55 19 46 42
29 29 9 52 54 19 46 42
42 0 22 35 5 29 3 22 13 59 2
19 48 29 30 5 9 9
14 55 57 17 19 29
13 24 42 54 47 55 48 42 17 47
5 31 21 21 49 39 57 5 46 51 24 5
41 37 38 27 55 57 47 29 29 9 5 29 39 30
22 19 30 4 34 13 27 22 5 59 53 5 27
53 59 12 42 10
22 19 30 4 34 48 8 15 47 44 9 48 11
29 54 13 8 46 42 8 47 45 4 27 13
9 50 53 43 53 22 5 53 32 42 13 5 53 30 42 53 30 42 53 42 59 21 34
50 43 50 9 20 35 5 37 42 42 24 19
46 47 36 51 22 55
48 13 54 29 42 53 27 5 14 24 5 42
53 42 13 50 57 27 42 5 37 57 58 11
9 36 55 48 42 57 12 27 57 50 29 54 10 53 47 33
9 21 50 24 51 55 19 46 42 29 9 47 44 9 48 11
47
3 22 13 59 2 27 8 42 26
42 47 38 5 43 31 29 38 46 47 9
39 42 55 50 5 48 53 52 54 19 46 42
27 29 39 39 5 34
42 12 33 51 55 47
34 21 20 9 42 42 42 59 42 12 24 37 19 42 37 13 28 50 5
13 53 42 13 50 57 12 9 21 50 24 51 55 19 42
50 8 58 43 13 29 54 10 53 47 33
5 34 20 42 53 59 12 42 10
5 34 5 34
47 42 27 5 44 42 50
5 31 21 21 39 57 8
42 12 24 33 51 55 47
13 24 42 54 47 55 14 55 57 17 19 50 20 5 54
29 54 10 53 47 33 42 35 54 5 24
42 42 55 8 47 45 48 13 42 5 42 24 51 55 47
19 48 29 30 29 29 9 32 42 13 5
9 55 13 57 12 27 57 50
39 51 20 10 42 39 51 57 55 5 51 12 10 15 42 54
22 20 9 46 39 26 43 5 43 24 21 50
39 37 15 47 5 48 14 13 29 29 9
59 59 34 29 12 55 50 11 54 29 8 42
21 5 29 39 30 55 47 42 39 55 5 47 4
5 34 29 55 13 56 47
8 47 45 4 27 48 13
37 19 42 37 13 28 50 5 9 21 50 24 51 55 19 46 42
9 9 12 18 33 54
50 53 43 19 53
10 42 39 51 57 55
42 42 24 19 9 50 53 43 19 53
55 5 47 4 9 13 56 43 46 9 42 57 57 13 5
5 48 14 13
5 48 28 49 5 13 17 42 46 51 13 27 42
47 9 55 13 56 19 42 39 55 42
50 13 13 9 13 27 42 9 9 12 18 33 54
48 19 54 50 43 50 9 0 29 29 9
42 17 57 42 36 55 19
19 13 24 9 33 47 5 5 30 4 54 47 9 42 14 37
30 31 5 17 38 57
57 12 27 57 50
13 27 42 50 58 59 26 23 27 42 5
19 48 29 30 5 5 30 4 54
51 49 13 8 47 45 4 27 48 13
13 12 53 48 55 19 58 54 29 52 42 10 13
5 49 13
42 0 22 35 42 12 24 55 8 9
9 9 12 18 33 53 36 46 27 29
48 38 37 29 46 42 9 50 53 43 19
42 50 5 14
50 17 31 58 27 36 51 55 5 5 30 4 54
27 42 27 42 50 53 50 17 31 58 27
54 8 27 57 42 13 47 12
42 13 59 34 5 51 12
34 58 12 31 19 42 39 55 42 44 42 50
42 14 55 5 43 31 9 50 53 43
19 48 29 30 29 13 47 13 42 30 5 12 52
37 19 42 37 28 50 5 50 8 58
50 8 58 57 12 27 57 50
5 59 46 17 52 42 15 42 14 37 53 27 29 22 39
27 42 5 29 29 9 9 50 53 43 19
19 48 29 30 42 45 41
27 29 22 39 43 13 4 9 9
42 17 35 47 41 16 8 42 24 42
55 22 19 30 4 34 8 47 45 27 48 13
37 42 53
19 39 26 50 43 14 57 42 19 24 50 57 44
9 9 12 18 33 54
53 36 27 42 40
5 34 20 42
14 55 57 54 5 24 42 58 13 27
54 53 42 42
42 13 59 34
54 29 52 42 10 50 8 58 57 53 22 46
43 50 47 59 26 23 42 8 34 55 42 47
19 48 30 50 43 9 0 34 58 12 31
20 35 5 37 13 42 55 50
29 29 9 12 57
29 44 42 47 27 29 39 39 13 38 58 54 42 46 4
43 50 47 38 46 39 54 29 54 10 53 47 33 57 13 5
53 59 12 42 10
48 42 17 47 59 23 5 48 14 13
41 8 39 53 27 29 22 39
20 35 5 37 26 42
42 47 38 42 12 24 51 55 47
42 42 55 29 22 20 9 46 46
54 17 8 47 45 4 27 48 13 29 38 46
27 42 40 46 54 13 27 42
13 12 53 48 5 24
15 47 44 9 48 11 19 48 29 30
13 12 53 48 5 24 42 58 53 27 29 39
5 24 9 39 14 13 50 27 41 37 38 27 55 57 47
41 16 9 8 42 24 24 42 19 58 42 9 19 9
42 39 55 42 50
42 0 22 35
42 42 59 42 12 24 5 42 58 10 42 39 51 57 55
39 33 47 29 29 9 19 39 26 50 43
29 29 9 29 9 55 13 56 9 50 53 43 19
10 19 5 5 30 4 54 37 57 58 11 57 12 27 57 50
34 21 20 9 59 23 9 50 43 19 5 55 27 27 5
9 46 42 44 17 31 58 27 13 12 53 48
19 9 55 13 56 5 29 29 42 47 9 42 34 22 22 27 20
27 42 40
14 57 54
15 53 27 50 17 31 58 27 37 57 58 11
42 47 38 14 55 57 54
8 47 45 48 13 42 5
22 20 46 46 29 24 5 34 20 42 19 42 39 55 42
5 24 42 3 22 13 59 2 47 38
59 26 23 26 13 50 28 24
54 29 42 29 42 12 55 50 11 48
34 58 12 31 53 42 13 50 57 12
29 29 9
41 16 9 8 42 24 24 42
57 12 27 57 50 53 30 42
54 13 8 45 4 27 48 13
55 54 29 42 55 50 5 29 29 9 57 54
29 13 47 13 42 30
8 43 59 19 19 39 26 50 43
50 51 9 5
21 29 33 42 42 55 29 38 46 51 55 47 53 54 37
21 34 53 2 50 0
50 8 58 51 55 47 53 54 37
53 30 42 53 42 59 21 34 29 29 9
5 34
42 57 50 5 37 57 25 53 59 12 42 10
9 50 53 43 19 53 27 8 42 26 4 44 44 54
5 24 42 58 50 51 9 5 38 46 59 26 23 21 34 53 50 9 4
54 17 15 47 44 9 48 11 29 29 9 41 16 9 24 24 42
42 14 37 13 37 42 53 14 55 57 54
59 4 37 5 34
42 42 59 42 12 24 29 38
48 53 59 29 13 30 53
13 13 24 42 54 47 55 50 43 50 0
5 19 19 37 19
44 50 12 34 27 42 42 8 59
4 51 5 27
42 14 37 6 19 57 13 5
34 21 20 9 29 29 9
19 39 26 50 43 50 8 58 21 50 24 55 19 46 42
4 51 5 42 27
5 43 31 37 42 53 42 53 36 50 43 50 9 0
9 50 53 43 19 29 50 8 58
9 9 12 18 33 54 3 22 13 2 3 22 13 59 2
53 42 13 50 57 12 54 5 54 8 14
55 57 54 42 8 34 17 42 46 51
48 42 17 47 54 13 8 46 42
10 9 42 34 22 22 27 20 21 53
5 27
42 12 24 33 51 55 47 44 42 50
53 30 42 53 42 21 34 20 13 46 47
50 8 58 37 42 29 29 9
32 42 13 5 55 5 4 13 56
5 24 57 27 13 39 21 54 50 50 24
55 5 47 4 29 54 10 47 33
15 47 44 9 48 11
22 19 30 34 42 55 50 5 48 42 55 5 47 4
5 43 24 21 50 4 5 13 24 13 9
44 42 50 3 22 13 59 2
51 54 54 47 59
39 33 47 53 27 29 22 39
37 19 42 37 13 28 50 5
27 40 55 5 47 4
54 53 42 42 29 13 47 13 42 30
5 5 30 4 54 5 31 12 57 9
26 13 50 24
52 54 19 42 41 8 39
42 30 9 17 8 58 50 39 12 35
29 13 47 13 42 30 9 50 57 17 48
55 5 47 4 30 31 5 17 38 57
38 52 54 19 46 42 54 13 53 16 5 29 55 9 39 54
14 55 57 54 9 55 13 56
54 53 42 42 5 34 59 42 57 31 47 38
37 42 53 42 13 12 53 48 5 48 28 49 5
43 50 47 5 51 12
47 5 59 46 17 52 42 15 42 42 59 42 12 24
8 47 45 4 27 48 13
43 50 47 13 12 48 50 17 31 58 27
50 9 5 48 17 47
42 19 39 33 47 5 52 29 54 10 53 47 33
22 9 15 4 27 42 5 50 27 8 42 26
13 24 42 54 47 55 50 8 58
59 26 23 53 36 13 54 29 52 42 10
26 42 42
19 58 37 42 37 13 28 5 24 42 58
53 36 9 19 10 9 42 34 22 22 27 20
44 42 50 53 30 42
50 34 50 57 17 48 9 58 42 47 38
46 47 50 20 5 54 55 42 47
15 44 9 48 11
4 44 54 5 27 55 19 58
44 42 29 54 10 53 47 33 47 54 47 35 13 42 40 42 17
19 48 29 30
3 22 13 2 5 31 21 21 49 39 57 54 2 42 41 37 38 27 55 57 47
5 47 4 34 20 42 45 41 59 23 53 36 46 27 29
13 14 57 5 48 37 27
54 29 42 8 47 45 4 27 13 42 9 19 9
10 9 42 43 46 9 42 20 35 5 37
5 27 57 13 5
27 8 42 26 5 9 19 48 29 30
47 9 5 34 48 29 30
27 42 29
5 31 21 21 49 39 57 21 34 53 2 50 0
27 42 40 47 5 59 46 17 52 42 15
48 42
29 29 9 5 34 20 48 54 15 27 57
48 8 19 48 29 30 27 8 42 26
5 43 24 21 50 9 55 13 56
31 55 5 9 42 55 50 5
19 39 26 50 43 42 12 24 33 51 55 47
5 19 9 37 19 9 50 53 43 19
41 24 5 29 22 1 9 5 31 12 57 9 22
52 54 14 35 2 11 54 30 3 22 13 59 2
3 22 13 59 2 42 9 19 19
46 54 13 9 55 13 56
5 46 51 42 24 5 12 55 50 11 42 8 34
43 50 57 54 29 29 9 50 17 31 58 27
9 46 42 44 42 37 27 52 8 29 24 17 9 33 54
5 46 51 42 24 5 34
42 19 34 27 55 5 34 13 24 13 9 47 42 27
55 5 19 42 5 13 15 34 21 20 9
8 47 45 4 27 48 13
42 19 24 50 57 44
19 48 29 30 36 51 22 55 50 8 58 51 42 35 54
5 5 30 4 54 5 34 8 58 37 42
40 54 19 37 19 42 37 28 50 5 50 8 58
50 8 58
53 13 50 57 12
42 9 19 9 13 42 42 55 12 53 48
39 54 4 46 9 9 5 9 42 12 24 33 51 55 47
29 38 46 22 59 53 16 52 54 14 26
5 43 24 50 53 59 12 42 10
9 21 50 24 51 55 19 46 42
41 5 29 22 1 54 9
43 50 47
10 19 20 35 5 37 14 57
55 42 47 50 8 58 53 27 22 9 46 46
10 15 42 54 50 43 50 9 0
27 8 42 26 47 42 27 5
55 19 36 55 48 42
42 42 34 53 3 24
44 42 50 37 19 42 51
10 19 5 34 33 47 36 55 48 42
42 42 55 29 29 9 13 38 58 54 42 46 4 53 30 42 53 42 59 21
14 55 57 54 53 42 13 50 57 12 27 8 42 26
50 12 34 27 42 42 8 59 29 54 10 53 47
53 36 14 55 57 17 19 59 4 37 51
50 8 58 13 5 34 6 19
10 19 55 58 27 29 39 39
12 50 11
50 12 34 27 42 42 8 59 48 54 27 42 5
51 20 57 8 9 59 23
42 13 34 50 53 43 19
43 50 47 42 0 22 35 29 54 10 53 47 33 21 45 41
9 4 47 44 9 48 4 44 54 59 4 37
47 54 47 35 13 42 40
5 43 24 21 50 44 50 50 8 6 19
19 42 39 55 42 34 21 20 9
5 19 19 9 37 19 53 30 42 29 54 10 53 47 33
27 8 42 26 53 36
29 54 10 53 47 33
5 24 5 30 4 54 46 47
9 9 53 29 29 9 13 24 13 9 13 27
21 53 2 0 13 24 42 54 47 55
45 42 57 42 42 59 42 12 24 3 22 13 59 2
42 19 30 42 42 59 42 12 24 5 24 42 58
29 13 27 57 9
42 59 12 24 46 47 55 42 47 50 53 43 19
42 47 38 50 8 58 31 7 27 43 18
13 24 42 54 47 55 42 34 51
29 9 50 8 58 0 31 29 24
28 50 5 42 31
37 42 53 42 58 37 3 56 39
42 13 59 34 27 57 9 47 55 54 29 5 55 27 27 5
57 54 5 31 12 57 9 9 55 56
42 13 50 57 5 48 14 13
42 9 55 13 56 53 59 12 42 10 27 42 40 55 42 47
5 29 55 9 53 30 42 53 42 59 21 34 50 8 58
28 50 5 42 31
50 20 5 54 12 55 50 11
52 54 19 46 42 37 58 11
42 47 38 50 17 31 58 27 50 43 50 9 0
27 42 40 42 12 24 33 51 55
12 24 33 51 55 47 22 9 15 4 50 17 31 58 27
19 42 34 51 47 9 43 13
42 14 37 19 42 39 55 42 37 42 42
26 28 54 27 54
35 14 55 57 17 19 28 29 59 48 47 42 27 27
3 46 31 59 46 54 13
13 42 9 19 9
26 42 55 24 42 37 42 53 42
10 9 42 34 22 22 27 20 5 24 57 27 13 39
10 9 42 34 22 22 27 20 42 13
42 42 39 4 54 10 55 5 47 43 13 29 13 47 13 42 30
55 5 47 4 13 12 53 48 42 17
9 55 13 56 53 5 5 53 30 42 29 29 9 13 24 42 47 55
42 29 13 47 12 14 55 57 17 19 59 26 28 29 59 47 48 47 42 27 27
42 24 33 51
37 15 47 42 9 19 42 17
42 17 47 19 44 42 50 9 53 50 47 13
29 29 9 5 27 9 50 53 43 19
9 46 42 44 5 29 39 30 35
54 13 8 46 42 19 39 26 50 43
9 9 12 18 33 54 42 55 50 5
35 13 27 42 42 8 34 13 27 42
46 42 44 48 42 50 51 9 5
57 13 5 53 42 50 57 12
19 39 26 50 43 59 4 37 9 46 42 44 13 12 9 50 39 22 57 9
6 19 9 55 13 56 42 9 58 47 42 5
9 50 53 43 19 42 5 34 21 53
9 50 53 43 19 42 8 34
19 48 29 30 39 33 47 46 47 34 12 31 5 12 52 5 5 4
4 50 31 58 27 53 59 12 42 10 19 48 29 30
14 9 50 53 19 53 8 42 42 55
6 19 13 24 42 54 47 55 27 29 39 39
4 46 9 9 42 42 55
5 34 20 42 42 8 34 27 8 42 26
41 24 5 22 1 54 9 13 24 23 42 57 33
53 42 57 12 53 30 42 29 55 9 54 16 57
27 42 5 22 13 59 2 9 53 45 41 41 24 5 22 1 54
19 42 34 51 53 27 5 14 24 5 42 42 9 58
59 59 29 53 27 29 22 39
5 5 30 4 54 19 26 43
57 13 5 42 9 19 9 42
19 48 29 30 50 8 58 29 54 10 53 47 33
10 15 42 54 10 9 42 34 22 22 27 20
20 35 5 37 5 31 12 9
51 47 53 54 37
41 5 29 10 42 39 51 55 54 31 42 43 57
28 50 42 31 14 55 54
55 5 47 4
5 34 42 37 27 52 8 21 34 53 2 50 0
21 34 53 2 50 0 42 34
9 53
48 19 54 9 53 19 53 46 54 13
9 55 13 56 9 21 54 50 24
13 27 42 50 8 58 3 22 13 2
24 33 55 47 15 47 44 9 48 42 55 50 5
31 7 27 43 18
59 26 23 5 24 26 13 50 28 24
27 29 39 39 55 24 9 46 42 44
29 29 9 19 42 39 55 42 50 57 5 24 41 8 39
55 5 47 4 9 50 53 43 19
10 9 42 34 22 22 27 20 41 24 5 29 22 1 54 9
47 9 54 13 8 46 42 47 9 42 42 35 54
27 42 40 47 54 47 35 13 42 40
13 24 13 9
42 37 27 52 8 55 19 58 53 27 5 24 5 42 10 9 42 34 22 22 27 20
43 50 47 37 19 42 34 51 9 21 54 50 50 24
29 24 15 47 44 9 48 13 12 53 48
13 12 9 50 39 22 57 9 5 48 13 48 8 9 50 53 43 19 53
55 19 58
57 12 27 57 50 5 13 42 54 17
13 24 42 54 47 55
14 55 57 54 36 51 55 42 14 37
24 9 33 59 37 50 51 9 5
39 29 5 51 54 29 8 42
14 29 54 10 53 47 33
29 38 46 52 54 14 35 2 11 54 30
9 50 53 43 19 53 27 42 27 42
50 5 54 31 7 27 43 18
52 54 14 35 2 11 54 30 51 20 53 42 13 50 57 12
55 47 54 37 29 41 16 9 8 42 24 24 42
55 42 47
49 27 42 5 37 19 42 34 51
9 50 53 43 19 53 27 39 39
52 54 14 35 11 54 30 31 7 27 43 18
50 13 13 5 24
13 24 42 54 47 55 10 15 42 54 46 59 27
59 4 37 24 29 13 47 13 42 30 5 34
9 50 53 43 19 53 16 5 9 29 38 46
14 55 57 17 19 5 24 42 58 34 21 20 9 5 5 30 4 54
42 42 24 19 5 29 55 9 4 37
31 55 5 9 41 16 9 8 42 24 24 42 5 34 20 42
48 19 54 13 27 42 10 19
54 59 13
13 42 48 19 54 59 26 23 14 55 57 54 42 42 24 19
5 30 44 42 50 55 39 29 5 51
28 5 42 31 29 29 9
22 5 59 53 29 29 9 47 9
29 9 52 54 14 13 24 42 54 47 55
27 8 42 26 42 55 50 5
53 42 13 50 57 12 19 39 26 50 43
27 42 5 50 43 50 9 0
29 13 47 13 42 30 50 20 5 54
59 4 37 22 20 9 46 46
19 39 26 50 43 45 41 51 12
20 35 5 37 29 9
13 12 53 48 39 29 5 51 29 24 9 50 53 43 19
19 48 29 30 53 27 5 14 24 5 42 55 47 42 39 42
22 20 9 46 46 19 42 39 55 42
5 34 37 53 42 47 9
9 9 12 18 33 54 29 38 46
55 5 47 4 50 57 17 48 42 42 55 50 20 5 54
5 46 51 42 5
5 31 21 49 39 57
15 47 44 9 48 11 27 39
9 55 13 56 51 53 27
50 8 58 9 45 41
15 51 53 27 19 48 29 30
53 42 13 50 57 12 29
13 57 51 5 5 30 4 54 29 29 50 58 42 12 24 33 51 55 47
54 59 13 54 29 52 42 10 47 54 47 35 13 42 40
42 17 47 47 5 59 46 17 52 42 15
15 47 44 9 48 11
51 55 47 53 54 37 3 22 13 59 2 42 14 37
10 9 42 34 22 27 20
55 19 58 42 24 5 29 29 9
50 51 5 27 8 42 26 53 42 13 50 57
27 42 48 8
53 27 29 22 39 53 42 13 50 57 12 29
41 16 9 8 42 24 24 42 42 53 42
9 5 24 53 27 22 39 42 47 38
28 50 5 42 31 9 21 54 50 50 24
49 19 4 3 24 48 19 54 29 54 10 53 47 33
9 46 44 9 22 20 9 46 46 5 39 13 42
42 19 9 29 29 9 41 16 9 8 42 24 24 42
36 55 48 42 17 42 46 51
4 55 57 52 54 14 42 29 13 47 12
29 29 9 5 9 42 8 34 5 47 4
36 51 22 42 14 37
50 58 26 28 54 27 54 27 29 39 31 7 27 43 18
50 8 58 50 12 34 27 42 42 8 59 29 9
57 13 5 55 5 47 4
5 51 12 13 12 53 48 42 42 59 42 12 24
5 21 21 49 39 57
48 19 19 29 47 27 9 53 43 19 53
53 42 13 50 57 12 55 42 47 59 26 23 46 47 37 42 53 42
26 42
5 9 9 5 24 42 58 5 34 20 42
5 34 20 42 19 48 29 30
43 50 31 7 27 43 18
50 12 34 27 42 42 8 59 13 27 42
53 59 12 42 10 12 55 50 11 27 29 39 39
29 39 33 13 12 53 48 47 54 47 35 13 42 40
31 7 13 24 13 9
39 37 15 47 50 8 58 45 41
5 29 55 9
29 54 10 53 47 33 42 53 42
36 55 48 42 42 24 33 55 47 15 51 27 20 35 5 13 29 47
55 42 47 5 34
24 13 47 34 9 53 5 5 30 4 54
34 53 2 3 24 9 9 54
32 42 13 5 27 42 42 8 34
9 55 13 56 31 7 27 43 18 19 42 5 13 15
15 53 47 24 51 9 42 5 9 51 42
52 54 14 19 48 29 30 48 42 17 47
13 53 27 5 14 24 5
10 9 42 34 22 22 27 20
37 42 53 42 5 34 48 8
55 42 47 5 24 19 39 26 50 43
42 42 24 19 39 26 50 43 22 59 53 16 21 29 33
5 5 30 54 5 29 55 9
9 50 53 43 19 36 51 22 55
46 54 13 26 42 50 8 58 42 8 34 57 42 36
19 39 26 50 43
5 9 51 42 5 27 54 2 42 20 35 5 37
20 35 5 37 9 50 53 43 19
42 0 22 35 42 53 42
42 55 50 5 50 17 31 58 27 14 55 57 17 19
26 13 50 28 24 53 30 42 53 42 59 21 34
42 30 9 17 27 42 5 5 34
5 29 39 30 19 48 29 30 47 9
5 31 57
43 47 9 55 13 56 5 43 24 21 50
5 34 20 42 5 34
51 5 5 49 13 5 24
42 42 24 19 55 19 58 19 39 26 50 43
9 55 13 56 54 34 54 13 24 54 47 55
31 21 21 49 39 57
9 55 13 56 59 42 57 31 5 47 42 27 5 36 55 48 42 26 13 50 28 24
13 24 13 9 13 27 42 20 5 13
42 12 33 55 35 42 42 24
9 50 53 43 19 53
9 50 53 43 19 53 59 4 37
9 9 53 36 55 48 42
20 35 5 37 9 55 13 56 8 47 45 48 13 42 5
9 55 43 50 47 5 34 43 50 47 36 55 48 42
13 27 42 42 55 50 5 51 55 47 53 54 37
37 19 42 37 13 28 50 5 42 14 37
42 42 39 54 10 12 55 50 11
54 13 8 46 42
42 37 27 52 8 42 40 5 46 51 42 24 5
5 5 30 4 54 59 4 37
4 46 9 9 59 23 42 14 37
8 47 45 48 13 42 5 5 31 21 21 39 57
42 12 51 55 47
20 15 47 44 9 11 29 54 10 53 47 33
42 8 34 5 55 27 27 50 57 17 48
42 55 50 5 42 42 24 19
47 9 13 22 19 30 4 34
28 29 59 47 48 47 42 27 27 27 8 42 26
42 8 34
37 42 42
5 5 30 4 54 52 54 14 35 2 11 54 30
53 59 12 42 10 47 9
5 42 31 22 59 29 39 30
29 13 47 13 42 30 9 50 53 43 19
42 42 59 12 24 39 33 47 42 14 37
43 13 10 42 39 51 57 55 57 13 5 5 34 20 42 44 42 50
51 20 12 55 50 11 54 29 42
37 19 42 37 13 28 50 5
19 39 26 50 43 53
27 42 42 55 29 38 46
29 2 20 12 55 42 8 34
42 30 9 17 47 28 54 21 34 53 2 50 0
22 20 9 46 46 13 12 53 48 42 9 19 9
55 5 47 4 48 19 54 57 12 27 57 50
37 19 42 37 13 28 50 5
57 8 9 43 46 9 42 57 9 30 54 5
26 42 5 34 20 42 27 42 40
26 28 54 27 54
24 5 29 22 1 54 9
53 59 12 42 10 14 57 9 5
50 8 58 27 8 42 26 29 29 9 37 42 53 42
27 29 39 50 57 12 3 22 13 59 2
50 20 5 54 29 54 10 53 47 33 9 21 54 50 50 24
33 47 47 45 4 27 48 13 8 34 50 57 33 4 4
50 19 39 12 55 19 58 13 12 53 48
27 29 39 10 9 42 22 22 27 20 51 55 47 53 54 37
27 29 39 57 12 57 50 53 27 5 14 24 5 42
33 47 14 57 50 8 58
42 42 35 54 22 19 30 4 34
10 9 42 34 22 22 20
5 34 4 55 19 29 29 9
13 24 42 54 47 55 44 42 50 50 58
41 24 5 29 22 1 54 9
51 5 5 49 13
52 54 14 35 2 11 54 30 54 53 42 42
44 42 50 4 24 14 55 57 17 19 9 46 42 44
51 20 42 42 35 54 47 9 4 9 50 53 43
12 55 50 11
42 47 38 54 29 52 42 10 5 31 21 21 49 39 57
53 30 42 53 42 59 21 34 19 30 4 34
50 17 31 58 27 29 24 28 29 59 47 48 47 42 27 27
47 9 12 55 11 5 39 13 42 13 24 42 54 47 55
42 57 31 57 22 46 48 19 54
9 21 50 24 55 19 46 42
29 29 9 42 51 5 5 49 13
31 7 50 13 13
50 8 58 27 8 42 26 9 50 53 43 19
19 42 39 55 12 55 50 11 27 42 40
41 24 22 1 9 42 57 50 5 9 55 13 56
14 55 57 54 20 35 5 37
50 47 48 13 26 13 50 28 24 35 57 42 36 50 8 58
42 14 37 19 42 13 8 47 45 48 13 42 5
48 41 16 9 8 42 24 24 42
52 54 19 46 42 29 39 40 54 19
53 30 42 53 42 59 21 34 26 28 54 27 54
46 9 9 5 34 29 29 9 42 55 50 5
53 30 42 53 42 59 21 34 54 34 54 42 55 50 5
5 29 55 9 5 31 12 57 9 50 51 9 5
15 47 44 9 48 11 26 53
10 9 42 34 22 22 27 50 19 39 12
50 20 5 54 29 13 27 57 9
37 19 42 13 15 47 44 9 48 11
48 8 9 50 53 43 19 53 23
50 8 58 8 47 45 48 13 42 5 29 29 9
53 42 13 50 57 12 13 24 13 9
19 42 39 55 42 20 35 5 37
22 5 59 53 55 54 29
29 54 10 53 47 33 50 17 31 58 27
9 46 42 51 5 5 49 13 57 47 42 27 5
5 34 3 22 59 2
54 29 52 42 10
9 50 53 43 19 53 36 51 22 55
44 42 50 5 43 24 21 50
39 37 15 47 19 42 39 55 42 42 55 50 5
55 19 58 53 30 42 5 24 9 46 42 44 13 5 31 12 57 9
42 9 27 42 40
19 42 39 55 42 24 42 58
13 24 13 9 42 9 58
9 9 12 18 33 54 50 9
29 29 9 13 24 42 54 47 55
12 55 50 11
59 42 12 24
55 19 58 59 4 37
31 7 27 43 18
57 12 27 57 50
8 47 45 48 13 42 5 14 54 9 0 43 50 47
29 29 9 3 22 13 2 42 37 38 46 23 21
59 4 37 15 51 53 36 51 22 55 50 8 58
51 5 49 13 3 22 13 59 2
39 33 47 13 27 42
5 31 21 21 49 39 57 13 27 42
19 48 29 30 50 8 13 12 53 48
27 42 5 27 8 42 26 5 51 12
12 55 50 11 42 8
53 27 5 14 24 5 42 9 53 43 19
5 34 50 8 58 22 53 16 27 42 40 5 24
5 5 30 4 54 43 50 15 47 44 9 48 11
29 54 10 47 33 26 42
14 57 9 50 53 43 19 53
36 55 48 42 54 53 42 42 5 10 19 59 37 42 12 24 33 51 55 47
35 26 47 19 19 9 37 19 5 34 20 42
20 9 46 46 22 20 9 46 46
47 54 47 35 13 42 40
5 29 42 57 50 5 9 46 42 44
28 29 59 47 48 47 42 27 27 48 8
41 16 9 8 42 24 24 42
51 55 47 53 54 37 29 13 47 13 42 30
5 34 20 42 9 19 9 27 42 26 42 5 14
15 51 53 27
20 55 54
51 5 5 49 13 44 42 50 5 34 20 42 53 43 19 53
5 55 27 27 5
47 58 37 3 56 42 42 55 2 30
53 30 42 42 47 38 10 57 12 27 57 50
50 51 9 5 5 48 13
13 27 42 27 29 39 39 5 31 12 57 9
5 48 28 49 5 42 12 24 33 51 55 47 39 29 37 36 53
5 39 13 48 17 47
48 19 54 26 13 50 28 24 54 53 42 42
27 42 54 29 52 42 10
9 53 43 19 42 39 4 54 10 29 13 47 13 42 30
36 55 48 42 22 20 46 46 19 39 26 50 43
9 44 59 26 23 48 17 47 42 13 59 34
14 55 57 54 29 39 39 22 19 30 4 34 27 42
57 50 19 43 42 58 17 42 48 19 54
20 5 13 50 51 9 5
13 15 47 44 9 48 11 45 41 29 13 24 13 9
41 24 5 29 22 1 54 9 29 2 20
22 19 30 34 24 42 17 30 54 5 13 24 42 54 47 55
53 59 12 42 10
27 29 39 39 55 42 47 57 13 5
54 29 42 20 49 5 46 51 42 24
29 38 46 42 19 24 50 57 44
27 5 29 29 9
29 54 10 53 47 33
9 21 50 24 51 55 19 46 42 42 24
52 54 14 35 2 11 54 30
34 12 31 50 43 9 0 26 42 5 14
28 50 5 42 31 12 55 11
5 34 20 42 38 49 37 29 46 42
54 31 42 43 57 9 46 42 44 19 24 50 57 44
51 5 49 13 9 46 42 44
54 13 8 46 42 13 27 42 51 20
57 13 5 55 42 47
20 35 5 37 5 31 21 21 39 57
55 19 54 53 42 42
14 55 57 17 19 59 59 34 29
41 24 5 29 22 54 9
9 50 53 43 19 53 41 24 5 29 22 1 54
9 21 54 50 24 5 24
29 46 14 55 57 17 19 42 42 35 54
42 8 34 13 27 42 5 34 42 5 34 5 29 55 9
14 55 57 17 19 8 47 45 4 27 48 13
54 53 42 42 9 21 50 51 55 19 46 42
9 50 53 43 19 53 51 9 54 22 48
19 48 29 30 36 51 22 55
29 29 9 19 24 19 21 29 33
55 5 47 4 27 42 5 5 34
46 54 13 29 29 9 19 48 29 30
41 24 5 29 22 1 9 9 43 25 53 42 17
19 48 29 30 57 8 9 19 29 30 51 20 42 30 42 42 9
48 14 13 20 35 5 37 27 42 13 39 54
36 55 48 42 5 34
21 34 53 50 0
19 39 26 50 43 6 19
55 42 47 24 27 42 40 52 54 19 46 42 38 46 5 34 20
13 24 13 9 5 24 5 24 20 5
14 55 57 54 5 14 55 57 17 19 42 5 44 42 50
9 15 51 53 27 42 0 35 53 27 29 22 39
5 46 51 42 24 5 5 24
43 50 47 52 54 19 46 42
57 12 27 57 50 13 13 9 42 12 24 33 51 55 47
14 55 57 17 19 10 19 59 26 23
46 54 13 42
19 48 29 30 14 55 54 5 24 42 58 26 42
42 42 55 9 21 50 24 51 55 19 46 42
50 8 58 22 20 9 46 46
12 48 50 9 0 29 42 47 38
29 13 27 57 9 47 54 47 35 13 42 40
8 34 35 29 29 9 50 57 17 48 52 54 37 42 53 42
9 21 54 50 50 24 27 42 40 26 13 50 28 24
37 42 53 42
37 19 37 13 28 50 5
42 13 34 42 34
55 57 54 5 24 21 50
15 47 44 9 48 43 50 47
9 50 53 43 19 53 27 29 22 39
50 57 17 48 12 55 50 11
42 12 24 33 51 55 47 48 53 42 13 50 57 12
19 39 26 50 43
27 42 9 55 13 56 5 31 21 21 39 42 17
5 31 21 21 49 39 57 19 48 29 30
55 50 11 5 34 20 42
55 47 9 23 19 15 4 36 55 48 42
42 13 59 34
29 29 9 51 5 5 13
13 27 42 20 28 29 59 42 47
42 8 34 42 13 59 34 37 42 37 13 28 50 5 55 58 35 42 57 50 5
59 50 51 9
29 29 9 5 34 5 53 16 50 50 50 57 17 48
13 24 42 54 47 55 0 22
10 9 42 34 22 22 27 20 54 17 51 5 5 49 13
55 57 42 50 5 27 29 39 39
41 24 29 22 1 54 9 6 19 28 50 5 31
29 29 9 13 24 13 9 5
9 21 50 24 51 55 19 46 42
5 5 4 54 46 54 13
9 50 53 43 19 53 19 42 39 55 42
9 21 50 24 51 55 19 46 42
42 8 34 9 21 54 50 50 24 27 29 39 39
55 5 47 4 57 53 22 46 4
34 21 20 9 26 42 6 19 8 47 45 48 13 42 5
42 13 59 34 48 19 54
21 34 53 2 50 0
42 50
15 47 44 9 48 11 44 14 57
51 5 5 13 9
59 59 34 29 13 53 48 42 42 59 42 12 24 5 43 24 21 50
34 54 19 39 26 50 43 52 54 14
19 42 5 13 15 14 37 50 21 53
5 24 48 8 5 29 30
28 29 59 47 48 47 42 27 27
14 57 39 29 5 51 24 53 30 42
5 55 27 27 5 13 24 42 54 47 55
4 55 57 29 54 10 53 47 33 35 44 42 50
24 15 44 9 48 11 53 42 13 50 57 12
20 28 29 59 42 47 5 14 34 42 8 34
5 24 42 58 10 9 27 29 39
12 55 50 11 27 8 42 26
13 24 23 42 57 33 50 43 50 9 0
55 19 5 46 51 42 24 5 37 19 42 37 13 28 50 5
42 8 53 42 13 50 57 12 46 31 59 44 42 50
20 28 29 59 42 47 43 46 9 42 57
53 16 21 34 53 50 29 38 46
44 42 50 34 21 20 9
10 9 42 34 22 22 27 20
27 42
43 46 9 42 57 41 16 9 42 24 24 42
29 13 27 57 9 48 8 9 55 13 56
10 9 42 34 22 22 27 20 59 26 23
42 29 13 47 12 5 34
46 42 42 59 24 48 19 54 42 14 37 51 20 29 29 9 6 19
26 28 54 27 54 24 2 20
27 42 40 20 29 59 42 47
42 8 34 41 16 9 8 42 24 24 42
5 48 14 13 15 47 44 9 48 11
5 9 51 42 52 54 19 46 42 55 50 11
53 27 29 22 39 29 54 10 53 47 33
29 54 10 53 47 33
29 38 46 5 19 19 9 37 19
54 29 52 42 10 42 57 5 5 29 39 30
9 9 12 18 33 54 49 42 42 58 29 38 46
54 29 42 29 38 46
53 27 5 14 24 5 42 26 23
3 22 13 59 2
14 55 57 54 50 13 13 13 27 42
34 21 20 9
42 55 29 13 27 57 9 37 57 58 11 6 19
35 35 3 22 13 59 2 59 42 57 31
54 17 15 47 44 9 48 11 48 42 10 19 42 17
29 39 57 42 36 53 59 10 14 57 17 19 47 42 27 5
19 39 26 50 43 42 8 34
42 47 38 20 28 29 59 42 47
5 34 20 42 12 11 13 12 53 48 3 22 13 59 2
42 57 50 5 42 5 19 48 29 30
28 53 55 19 37 19 58 13 53 48 42 9 19 9
15 47 44 9 48 11 9 13 41 8 39
0 31 9
5 47 4 39 33 47
19 42 5 13 15 5 24 13 27 42 54 29 42
5 34 4 55 57 55 42 47
14 37 50 8 58
21 29 33 19 42 34 51 9 50 53 43 19 37 19 42 37 13 28 50 5
14 57 22 20 46 46 42 12 24 33 51 55 47
31 7 57 50 19 43 42 58 17
12 55 50 11 5 5 31 21 21 49 39 57 42 57 50 5
27 8 42 26 47 9 50 5 9 50 43 19
51 20 51 20 13 27 42
19 48 29 30 19 13 24 42 54 47 55
19 42 5 13 15 5 54
48 42 17 47
5 9 51 42 39 15 47 44 9 48 11 39 29 5 51 47 9
46 47
50 17 31 58 27 42
29 54 10 53 47 26 42 42 42 55 53 59 12 42
53 27 5 14 24 5 42 53 36 46 27 29 59 59 34 29
13 12 53 48 41 16 9 8 42 24 24 42
12 55 50 11 9 21 54 50 50 24 17
54 53 42 42 22 19 30 4 34 4 37 42 42 59 42 12 24
48 42 17 47 46 47 14 55 57 54 3 22 13 59 2
49 19 4 3 6 19 27 29 39 42 30 42 42 9
5 29 55 9 36 55 48 42 5 51 12
13 24 13 9 53 42 42 0 22 35
46 47 5 48 28 49 5 10 9 42 34 22 22 27 20
42 59 12 24 53 30 42 53 42 59 21 34
47 47 42 27 5 43 59 19 51 20
53 27 5 14 24 5 42
54 13 8 46 42 59 23
9 50 53 43 19 13 24 13 9 57 54 29 29 9
48 19 54 13 12 53 48
19 48 29 30 5 48 14 13
4
20 28 29 59 42 47 59 26 23 24 42 58
54 29 8 42 54 29 42
50 8 58 47 42 27 5 29 57 9
9 21 50 50 24 47 9 38 46
47 54 47 35 13 42 40
9 55 13 53 16 42 13 59 34
55 54 29 5 5 30 4 54 9 13 56
21 29 33 20 35 5 37 26 13 50 28 24
42 8 5 19 19 9 37 27 42 5 53 27 5 14 24 5 42
5 24 13 24 42 54 47 55 37 19 42 34 51
35 53 27 29 22 39 10 42 39 51 57 55
13 42 12 50 11 21 34 53 2 50 0 41 16 9 8 42 24 24 42
42 57 50 17 31 58 27
24 2 54 27 14 55 19 58
53 30 42 53 42 59 21 34
47 9 50 8 58
42 17 50 51 5 57 12 27 57 50
39 54 29 37 36 58 53 5 34 20 42
48 19 54 27 42 40 50 20 5 54 28 50 5 42 31
46 13 29 39 30 19 48 29 30
5 43 31
53 59 12 42 10 59 42 31 42 50 5
50 57 17 48 5 31 21 21 49 39 57 19 9 55 13 56
28 50 42 31 48 19 54 53 42 13 50 57 12 50 20 5 54
29 38 46 42 14 37 51 5 5 49 13
49 42 42 58 29 29 9
39 54 29 37 36 58 53 42 46 51
59 34 29 47 9 37 19 42 37 13 28 50 5
40 54 19 31 7 19 39 50 43
13 42 27 29 39 39 4 55 42 47
55 42 47 5 43 31
13 24 42 54 47 55
21 34 53 2 50 29 2 20
15 42 54 27 29 39 39 27 42 5 13 38 58 54 42 46 4
42 0 22 35 8 47 45 48 13 42 5 6 19
55 50 46 59 3 46 31 59
42 42 59 42 12 24
9 53 50 47 13 42 42 35 54
50 20 5 54 32 42 13 5 54 29 42 10 29 29 9 13
13 24 42 54 47 55 29 29 9
5 5 30 4 54 54 29 52 10
13 24 42 54 47 55 9 46 42 44 42 10 42
42 55 50 5 41 24 5 29 22 1 54 9
42 8 42 54 42 13 59 34
29 29 9 47 46 54 13 48 54 10 9 42 34 22 22 27 20
9 55 13 27 57 9 47
42 13 59 34 51 9 54 22 48 21 27 42
50 8 58 9 46 42 44
47 42 0 22 35 26 13 50 28 24 9 53 43 34 21 20 9
42 55 50 51 54 59 50 19 39 12 53 27 5 14 24 5 42 10 9 42
42 50 47 47
9 50 53 43 19 53 7 21
34 21 20 9 46 47 14 57 22 4 42
9 50 53 43 19 53
13 24 13 9 27 42 47 38
29 38 46 55 50 50 34
54 29 42 13 54 53 42 42
42 0 22 35 53 42 13 50 57 12
50 43 50 9 0
29 54 10 53 47 33 19 54 26
36 51 22 55 55 19 58
10 42 39 51 57 55 17 50 17 31 58 27 19 29 27 19
19 39 26 50 43
54 52 42 10 17 42 46 51 19 58 14 55 57 54
50 43 9 0
9 50 43 19 53 5 51 12 5 5 30 4 54
51 54 47 59 29 29 9 5 9 9
5 19 19 9 37 19
22 19 30 4 34
9 21 50 24 51 55 19 46 42
42 8 37 48 19 54
54 57 55 44 42 22 20 9 46 46 27 8 42 26
27 8 42 26 23 21 34 21 20 9 31 7 57 12 27 57 50
12 50 11 27 42 5 29 24 22 4 46 54 20 46 15
21 34 53 2 50 0 9 50 53 43 19
42 17 5 19 19 9 37 19 27 8 42 26 42 13 59 34
42 19 24 50 57 44 5 34
7 27 43 18 19 30 5 30 4 54
5 29 55 9 50 8 58
9 50 53 43 19 53 29 29 9 42 13 59 34
59 4 37 41 16 9 8 42 24 24 42 6 19
52 54 19 46 42 34
54 13 8 46 42 50 19
5 31 57 9 27 42 5
47 9 13 15 53 47 24 51
4 55 57 4 49 42 42 58 3 22 13 59 2
3 22 13 59 2 53 42 13 50 57 12 17 27 42 40
48 19 42 29 13 12 13
19 26 50 43 55 19 37 19 42 37 13 28 50 5 39 30
4 55 57 5 26 50 28 24
10 9 42 34 22 22 27 20
27 29 39 39 42 42 55
10 9 42 34 22 22 27 20
50 43 50 9 0
13 27 42 27 42 40 59 4 37 53 30 42 53 42 59 21 34
34 21 20 9 6 54 59 13
5 34 49 42 58 54 29 52 42 10 53 42 13 50 57 12
50 8 58 6 19 19 48 29 30
50 8 58 50 8 58 22 20 9 46 46
9 53 43 19 5 46 51 42 24
37 19 42 37 13 28 50 5 39 26 50 43 57 13 5
29 42 10 8 47 45 48 13 42 5
5 14 34 39 33 47
48 29 30 9 50 53 43 19 53
48 29 30 14 55 57 21 29 33
22 4 46 20 46 15 9 21 54 50 50 24
15 47 44 11 59 4 37
41 8 39 46 47 29 13 47 13 42 30
42 42 59 42 12 24
12 55 50 11 55 42 3 46 31 59
29 54 10 53 47 33 9 4
13 24 42 54 47 55 13 12 53 48
51 5 5 49 13 29 29 9 26 28 54 27 54
27 42 40 43 50 47
27 42 5 24 5 34 12 55 50 11 14 55 57 17 19 27 42
50 8 58 20 35 5 37 41 16 9 8 42 24 24 42
53 42 13 50 57 12 50 8 58 42 42 24 19
27 53 59 12 42 10 5 46 47 50 31 27
54 53 42 42
9 50 43 19 57 42
46 31 59 12 52 5 39 13 42
13 24 42 54 47 55 42 47 8 47 45 48 13 42 5
42 14 37 53 36
15 27 13 46 47 4 55 57 37 54 53 27 21 47
47 42 27 5 50 43 50 9 0 14 55 54
10 9 42 5 51 12
4 51 5 42 27
8 43 59 19 10 19
59 42 57 31 13 38 58 42 46 4
29 2 20 47 42 8 34 17 42 46 51 5 24 42 58
4 51 5 42 27 46 51 42 5
50 5 57 53 22 46 6
27 42 5 59 4 37 37 19 42 37 13 28 50 5
5 31 21 21 49 39 57 42 13 59 34
20 35 5 5 5 30 4 54 57 50 5
3 46 59 57 53 22 53 27 29 22 39
4 42 47 38
52 54 19 46 42 9 50 53 43 19
29 29 9 5 55 27 27 5 3 46 31 19 42 55 42
51 20 4 5 5 5 30 4 53 42 13 50 57 12
27 13 9 54 32 8 30
53 27 5 14 24 5 42 59 4 37
29 29 46 59 27 19 39 26 50 43
47 54 47 35 13 42 40 29 29 9 48 19 54
19 48 30 44 42 50 19 48 47 54 47 35 13 42 40
42 8 50 57 12 3 46 31 59 43 13
59 59 34 29 14 57 53 42 13 50 57 12 59 26 23
13 38 58 54 42 46 4 27 42 40
10 9 42 34 22 22 27 20 29 29 54 52 42 10
13 24 23 42 57 33 29 32 42 13 5
43 50 47 47 9 27 29 39 39 5 14 34 9 9 53
5 29 13 47 13 42 30
42 47 26 28 54 27 54 9 46 42 44
15 53 47 24 51 27 8 42 26 27 29 39 39 42 35 54 29
5 14 13 27 8 42 26
5 24 19 48 29 30 9 46 42 44
47 54 47 35 13 42 40
51 12 5 19 19 9 37 19
12 55 11 19 48 29 30 42 8 34
21 29 33 53 13 50 57 12 19 48 29 30 48 19
9 12 18 33 54 39 37 15 3 46 31 59 36 55 48 42
27 29 39 39 19 48 29 30 42 57 31
50 21 53 54 29 42
17 42 46 51 42 12 24 33 51 55 47
42 29 13 47 12 26 23 19 29 47 27
9 55 13 56 13 24 42 54 47 55
24 5 29 22 54 9 5 43 5 27 27 5
5 9 9
47 5 59 46 17 52 42 15 19 48 29 30 9 50 53 43 19
22 9 15 4 29 13 27 57 9
42 50 5 46 47
29 54 10 53 47 33
9 46 42 44 17 42 46 51 42 0 22 35
53 42 13 50 57 12 50 43 50 9 0
51 55 47 53 54 37 32 42 5 22 20 9 46 46
57 13 5 14 55 57 17 19 9 21 50 24 51 55 19 46 42
51 5 5 49 13 5 34
5 29 55 9 8 43 59
53 59 12 42 10 13 27 42 9 50 53 43 19 53
13 12 53 48 15 53 47 24 51
54 29 52 42 10
53 27 5 14 24 5 42 14 57
34 48 19 54 29 29 9 20 35 5 37
9 21 50 24 51 55 19 46 42
54 53 42 42 54 17 48 8 13 27 42
42 13 59 34 54
53 42 13 50 57 12 10 9 42 34 22 22 27 20
32 42 13 5
26 28 54 29 43 50 47 9 50 53 19
54 29 52 42 10 47 42 27 5 42 19 24 50 57 44
37 19 42 34 51 5 24 9 9 12 18 33 54
54 16 57 50 51 9 5 9 21 50 24 51 55 19 46 42 59 4 37 13 27 42
29 39 39 35 26 42 9 21 54 50 50 24
5 46 51 42 24 50 12 34 27 42 42 8 59
54 13 8 46 42 24 13 44 42 42 24 19
51 5 5 49 13
59 4 37 57 12 27 57 12 55 50 11
19 42 39 55 42 9 5 27 5 48 14 13
29 59 47 48 47 42 27 27
3 22 13 59 2 22 19 30 4 34
53 42 13 50 57 12
53 36 13 42 17 42 8 34 42 37 27 52 8
47 44 9 48 11 19 39 26 50 43 53 36 19 42 39 55 42
50 50 0
41 24 5 29 1 54 9 57 12 27 57 50
13 24 42 54 47 55 48 8 9 50 53 43 19 53 42 57 50 5
42 55 42 14 55 57 54 53 30 42 13 24 46 47
5 5 30 4 54 44 42 50
9 50 53 43
15 47 9 48 11
43 50 5 24 54 17 55 50 5
55 24 50 8 58
37 19 42 34 51 24 13 9
39 26 50 43 50 8 58 29 47 13 42 30
13 12 53 48 29 42 55 5 34 10 9 42 34 22 22 27 20
44 42 50
39 29 5 51
22 20 9 46 46 50 53 43 19
29 38 46 26 53 13 27 42
8 47 45 4 27 48 13
30 54 5 50 42 42 35 54 8 47 45 4 27 48 13
54 29 42
54 29 42 29 13 27 57 9 19 24 13 47 13 34 29 29 9
47 42 27 5 13 29 29 9
14 55 57 54 29 13 27 57 9
41 16 9 8 42 24 24 42 13 24 42 54 47 55
9 21 54 50 50 24
9 50 19 53 24 13 47 13 34 9 5
54 29 8 42 48 19 54
5 34 27 8 42 26 59 37
6 19
42 17 59 4 37 42 0 22 35 57 8 9 43 50 47
50 53 43 19 53 12 22 15 4
5 34 20 42 42 30 17 29 29 9 37 54 53 27 21 47
50 57 12 41 24 5 29 22 1 54 9
28 29 59 47 48 47 42 27 27
13 27 42 37 19 42 37 13 28 50 5 10 9 42 22 22 27 20
57 8 9 54 29 52 42 10
39 54 29 37 36 58 53
53 42 13 50 57 12
57 12 27 57 50
24 13 9 57 53 22 46
42 19 24 50 57 44
13 24 13 9 29 39 39 13 24 13 46 54 20 46 15
42 42 59 42 12 24 5 43 24 21 50
29 29 9 8 47 45 48 13 42 5 9 55 13 56
53 59 12 42 10
41 16 9 8 42 24 24 42
55 19 58 55 19 58 42 42 59 42 12 24 39
20 13 27 42 54 5 8 55 50
52 54 19 46
9 50 53 53 5
19 19 9 37 19 48 8
59 26 5 39 13 42
42 29 13 47 12 42 14 50 8 58
41 37 38 27 55 57 47
13 12 53 48 42 17 55 42 47
53 30 42 26 28 54 29 8 42 42 10 9 42 14 55 57 17 19
59 4 37
50 17 31 58 27 24 29 13 27 57 9 12 24 33 51 55 47
5 55 9
53 29 39 48 19 26 50 43 5 4 3 22 13 59 2
29 13 47 13 42 30
14 55 42 50 8 37 42 53 5 24
15 47 48 5 5 30 4 54
46 47 37 19 42 37 13 28 50 5 43 50 47
5 24 42 58 41 8 39 54 29 42
52 54 19 46 42 59 4 37 26 28 54 27 54
54 53 42 42 5 29 55 9 42 8 34
10 34 22 22 27 20 19 48 29 30
15 47 44 9 48 11
9 21 54 50 24 13 50 8 58 54
5 39 13 42
19 39 26 50 43 5 9 9 4 22 9 15 4
41 8 39 8 58 27 8 42 26 20 5 13
6 19 5 46 42 5 8 43 59 19
29 54 10 53 47 33
21 34 53 2 50 0
57 12 27 57 50
54 5 29 27 8 42 26 13 28 24
50 57 17 48 50 8 58 53 36 46 27 29 5 34
28 29 59 47 48 47 42 27 27 50 51 9 5 13 12 53 48
5 39 13 42 14 57 5 48 14 13
57 12 27 57 50 13 27 4 53 30 42 50 12 19 28 50 5 42 31
12 55 50 11 31 43 42 52 9 10
2 54 27 14 13 53 27 29 22 39 13 24 42 54 47 55
27 42 10 15 42 54 5 34 54 16 57
51 29 29 9
13 27 5 24 42 58 13 27 42
27 42 5 46 42 24 5
29 13 47 13 42 30 37 57 58 11 27 42 40
5 43 31 8 47 45 48 13 42 5 53 42 13 50 57
10 47 33 41 24 5 29 22 1 54 9 27 29 39 39
3 22 13 59 2 8 46 47 13 24 13 9
47 42 27 5 19 9 46 42 44
5 31 21 21 49 39 57
17 42 46 51 10 9 42 34 22 22 27 20
13 24 13 9 3 22 13 59
37 19 42 37 13 28 50 5 26 42 6 19
19 42 39 55 42 36 55 48 42
17 42 46 14 55 57 54
9 50 53 43 19 53 55 42 47 36 48 42
13 24 42 54 47 55 42 30 9 17
29 9 42 47 38
6 19 59 42 57 31 42 14 37
57 12 27 57 20 28 29 59 42 47 51 20
9 55 13 56 42 0 22 35
9 55 56 9 50 53 43 19 53 13
45 41 13 24 42 54 47 55 13
13 47 13 10 15 42 54
46 47 37 57 11 13 12 53 48 13
5 43 31 5 34 5 34 20 42 13 42 42 59 42 12 24
29 13 47 13 42 30 20 35 5 37 52 54 14
53 36 46 27 29 50 43 50 0
3 46 31 59 9 50 53 43 19 53
46 47 19 39 26 50 43
29 54 10 53 47 33 48 54
50 27 8 42 26 22 9 15 4 9 44 54 29 42
10 19 50 5
35 26 47 50 5 42 45 41 50 13 13 42 55
55 19 58 27 8 42 26 24
10 9 42 34 22 22 27 20
5 29 55 9 29 9 22 20 9 46 46
9 50 53 43 19
13 27 42 55 42 47 28 50 5 42 31 54 13 8 46 42
58 37 3 56 19 39 27 8 42 26
8 36 51 22 55
23 21 3 31 59 9 9 12 18 33 54
43 46 9 42 57 15 54 8 19
41 5 29 22 1 54 9
12 55 50
5 27 42 9 9
21 37 42 53 42 53 27 29 22 39 19 39 55 42
28 29 59 47 48 47 42 27 27
9 21 50 51 55 19 46 42
42 42 55 4 51 5 42 27
59 42 57 31 55 24 13 27 29 39 39
57 12 29 29 9 54 29 8 42 37 42 53 42
54 16 57 3 22 13 59 2
54 29 52 42 10 46 59 27
42 14 37 42 8 34 5
55 42 47 5 24 35 5 37 19 48 29 30 3 46 31 59
51 19 30 4 34 15 51 53 27
5 31 21 21 49 39 57 9 21 50 24 51 55 19 46 42
42 42 55 26 42 46 59 27
42 30 42 42 9 50 8 58
59 4 37 0 31 13 12 53 48 41 16 9 8 42 24 24 42
57 12 27 57 50
42 13 59 34 29 29 52 54 14 35 2 11 54 30
42 38 27 42 5
19 39 26 50 43 31 7 55 47 42 39 42
54 29 42 9 21 54 50 50 24
3 22 13 59 2 55 19 58 32 42 13 5
24 22 9 15 50 53 43 53 43 50 47 42 17 36 51 22 55
42 30 42 42 9 35 5 37 45 42 57 26
21 17 42 51 53 36 46 27 29
29 54 10 53 47 33 53 30 42 52 14 35 11 54 30 48 19 54
29 13 47 13 42 30 29 46 47 29 13 27 57 9
28 50 5 42 31 43 50 9 0
50 57 27 29 39 5 34 37 42 53 42
27 8 42 26 53 59 12 42 10
42 13 59 34 5 24 42 58
5 9 19 42 37 13 28 50 5
52 54 14 35 2 54 30 47 38 20 28 59 42 47
42 37 27 52 8 57 12 27 57 50
15 44 9 48 11 59 42 57 31 55 19 58 59 59 34 29
39 33 59 4 37
29 13 27 57 9 29 38 46
53 30 42 53 42 59 21 34 0 22 20 35 5 37
34 58 12 31
29 38 46
19 42 5 13 15 48 38 49 37 29 46 42 9 50 53 43 19
26 28 54 27 54 9 53 50 47 13 9 53 43
9 46 42 44 45 41 13 24 42 54 47 55
8 43 59 19 14 55 57 54
43 9 0 12 55 50 11 50 8 58
15 47 44 9 48 11
29 54 10 53 47 33 48 42 17 47
41 8 10 9 42 42 39 51 57 55
13 42 19 24 50 57 44 13 5 52 54 14 35 2 11 54 30
29 13 27 57 9 23 50 34 28 50 5 42 31
9 46 42 44 42 19 24 57 44
9 4 53 42 13 50 57 12
14 55 57 54 53 30 42 42 57 50 5
42 38 19 39 26 50 43 37 19 42 37 13 28 50 5
13 24 42 54 47 55 54 17 10 42 39 51 57 55
5 31 21 21 49 39 57 5 34 20
53 30 42 53 42 59 21 34
42 47 38 24 53 42 50 57 12 37 19 42 5 37
8 47 45 27 48 13 29 29 9 9 9 12 18 33 54
34 58 12 31 26 50 28 24 48 15 53 24 51
29 38 46 59 23 49 42 42 58
26 42 22 20 9 46 46 5 47
39 54 13 51
27 13 9 54 32 8 30
50 20 5 54 5 29 39 30
55 19 58 39 29 5 51 59 4 37 36 48
5 9 9 24 43 50 47
13 15 54 8 19 46 54 13
29 13 27 57 9 4 33 47
42 19 34 27 55 9 39 14 13 50 27 45 42 57 26
42 0 22 35 31 55 5 9 22 19 30 4 34
46 54 13
55 42 47 19 48 29 30 47 55 50 57 14
50 12 34 27 42 42 8 59 28 29 59 47 48 47 42 27 27
55 42 47 9 50 53 43 19
55 42 47 47 5 59 46 17 52 15
41 8 39 12 50 13 24 42 54 47 55
26 28 54 27 54 42 9 19 36 51 22 55
47 42 27 5 48 42 17 8 34 9 55 13 56
27 42 40 42 30 9 17 26 42
36 51 22 55 42 8 34 42 9 19 9
54 37 42 53 42 5 31 21 21 49 39 57 3 22 59 2
53 36 46 27 22 20 9 46 46 48 19 54
13 58 42 46 4 48 42 39 29 5 51 13 27 42
5 34 27 42 39 33 47 19 39 26 50 43
59 26 23 10 9 42 34 22 22 27 20 13 12 53 48
13 12 53 48 9 43 19 39 33 47
34 21 20 9 15 47 44 9 48 11
52 54 14 35 2 11 54 30
46 59 27 14 57 54 14 57
42 42 35 54 59 59 34 29
27 8 42 26
53 30 42 13 50 34 5 9 9 10 14 55 57 54
9 46 44 13 5 24 27 39
2 54 27 14 54 5 54 8 14 48 19 54
5 9 9 9 54 50 46 54 53 27 29 22 39
50 43 50 9 0
10 9 42 34 22 22 27 20 13 27 57 9 5 24 14 34
44 42 50 5 24 55 5 47 4 55 13 56 57
42 12 24 33 51 55 47 8 34 50 57 33 4
58 37 3 56 39 48 19 54
55 5 4 54 29 52 42 10
57 12 55 50 11 27 42 40 8 43 59 19
41 8 39 42 42 39 4 54 44 42 50 50 39 12
22 20 46 47 9 54 29 52 42 10
42 14 37 50 51 26 13 50 28 24
8 58 54 17 15 47 44 9 48 11 52 54 14 35 2 11 54 30
29 2 20 27 39 39
19 42 55 42 29 29 9 9 9 12 18 33 54
19 48 29 19 39 26 50 43 27 42
13 58 54 42 46 4 48 29 29 9
13 24 13 9 27 42 39 54
42 14 37 29 29 9 50 20 5 54
47 9 29 50 5 48 37 27 53 42 13 50 57 12 53
42 12 24 33 51 55 47 47 9 31 55 5 9
53 36 46 27 29 5 34 20 42
5 43 31 51 54 54 47 59
19 29 47 48 8 42 42 35
27 42 42 55 5 21 34 53 2 50 0
5 43 31 9 50 53 43 19 53
29 13 47 13 42 30
15 47 44 9 48 11
19 39 55 42
9 9 12 18 33 54 53 27 29 22 39 14 55 57 54 53 42 13 50 57 12
29 54 10 53 47 33 21 29 54 10 53 47 33
44 50 4 5 9 9
42 19 24 50 57 44 27 8 42 26 13 57 51 26 28 54 29 8
26 42 5 9 50 53 43 19
50 17 31 58 27
50 8 31 7 27 43 18
15 51 53 50 8 58
5 51 12 12 55 50 11 55 54 29
51 9 54 22 48
19 42 5 13 15
8 47 45 48 13 42 5 22 5 53
42 59 34 48 8 14 55 57 17 19 9 55 56
15 47 5 24 15 47 44 9 48 11 13 12 53 48
13 24 42 55 5 24 57 27 13 39
21 34 53 2 3 42 14 37
5 46 51 42 5 5 51 12 14 55 57 54
42 0 22 35 5 43 31 47 9 15 51 53
5 24 42 58 5 46 51 42 24 5
10 42 39 51 57 55 42 8
29 54 10 53 47 33 13 12 53 48 32 42 5
54 53 42 42 50 8 58
29 54 10 53 47 33 10 42 51 57 55
53 27 5 14 24 42
20 35 5 37 19 39 26 50 43
59 26 23 47 9 21 34 0
47 5 59 46 17 52 42 15
9 21 54 50 50 24 59 26 23 42 47 38
43 46 9 42 57 42 17 17 31 58 29 9
5 34 20 42 37 57 11
36 51 22 55
5 5 30 4 54 53 42 13 50 57 12
42 8 42 19 24 57 44 42 8 13 12 9 50 39 22 57 9
57 13 5 53 59 12 42 10
20 35 5 37 29 29 9 55 5 47 4
52 54 14 57 27 57 50 5 43 24 21 50
8 34 50 57 33 4
54 53 42 42 47
9 46 42 44 13 57
29 54 10 47 33 9 55 13 56 24 42 58
29 54 10 53 47 33 10 42 50 19 39
55 19 58 15 47 44 9 48 11 47 54 47 35 13 42 40
31 7 27 43 18 42 40 53 27 5 14 24 5 42 42 8 34
28 29 59 47 48 47 42 27 27 28 29 59 47 48 47 42 27 27
57 50 19 43 42 58 17 22 19 30 4 34 50 57 17 48
5 37 19 42 34 51 36 51 22 55
15 47 44 9 48 11 29 38 46 50 8
39 54 28 29 59 47 48 47 42 27 27 3 22 13 59 2
54 29 52 42 43 50 47
5 5 30 54 6 19
50 57 55 5 47 4
42 42 59 42 12 24 27 42 40 9 21 50 24 51 55 19 46 42
5 5 30 4 54 34 58 12 5 55 27 27 5
53 27 5 14 24 5 42 43 50 47
19 39 26 50 43
8 47 45 48 13 42 5 46 47 14 37
8 43 59 19 34 58 12 31 42 37 27 52 8
29 54 10 53 47 33
50 57 17 48 54 29 8 42 42 12 33 51
9 50 53 43 19 53 8 47 45 48 13 42 5
5 34 9 9 12 18 33 54 42 55 50
42 42 54 19 48 29 30
48
12 55 50 11 5 29 9 42 19 9 29 42
54 29 42 55 47 39 42
3 22 13 59 2 39 33 47
9 54 50 50 24 13 57 10 42 39 51 57 55
42 39 4 54 10 54 29 42 50 20 5 54
15 53 47 24 51 5 9 51 42
53 30 42 42 30 42 42 9 20 42 42 8 34
13 24 54 47 55 49 42 42 58
5 34 20 42 47 9
41 5 29 22 1 9
5 43 24 21 50 21 50 24 51 55 19 46 42
42 59 34 14 55 57 54 35 5 37 43 46 9 42 57 50 51 9 5
46 47 53 36 9 9 46 42 44 26 13 50 28 24
5 29 22 1 54 29 29 9 54 29 52 42 10
47 42 27 5
4 53 36 48 19 54 13 42
42 55 50 5
9 50 53 43 19 13 24 23 42 57 33
41 9 8 42 24 24 42 42 47 38
50 43 50 9 0 49 42 42 58
13 12 53 48 42 42 35 54
42 9 19 9 4 46 54 20 15 42 29 13 47 12
15 47 44 9 48 42 17 35 5 37
9 46 42 44 29 54 10 53 47 33 19 48 29 30 10 34 22 20
54 59 13 5 29 47 9 54 29 42
27 54 16 57
9 21 54 50 50 24
10 9 42 34 22 22 27 20 36 51 22 55
55 19 58 44 42 50 19 39 26 50 43
34 21 20 9 39 54 29 9 14 57 54
9 21 24 51 55 19 46 42 5 30 4 54
41 8 39 24
5 51 12 31 7 27 43 18
42 13 59 34 9 55 13 56
29 9 29 13 47 13 42 30
10 9 42 34 22 22 27 20
14 55 57 17 19 47 9
47 9 12 55 50 11 27 42 5 29 13 47 13 42 30
12 55 50 11 29 13 47 13 42 30
36 55 48 42 50 51 9 5
5 31 57 9 4 37 13 27 42
26 28 54 29 8
3 46 31 59 42 55 50 5 55 42 47
19 39 26 50 43 37 57 58 11
34 21 20 9 50 20 5 54 42 47 38 29 13 47 13 42 30
8 47 45 48 13 42 5 15 51 53 27
13 24 13 9 55 50 57 14 54 57 55 44 42
5 46 51 42 5 50 20 5 54
19 46 42 57 50 5
41 16 9 8 42 24 24 42
9 50 53 43 19 53
42 42 59 42 12 24 5 34 9 50 53 43 19 53
37 42 53 42
5 9 9 17 42 46 51 47 42 5
5 24 48 19 48 29 30 13 27 42
5 43 24 21 50 12 55 50 11
47 10 19 29 38 46
53 27 29 22 39 13 14 55 57 17 19 13 12 53 48
9 55 13 56 9 21 50 24 51 55 19 46 42
54 47 35 13 42 40 5 34
54 5 8 14 14 55 57 17 19
12 55 50 11 36 55 48
41 24 5 29 22 1 54 9 29 24
53 30 53 42 59 21 34 42 55 50 5
43 50 29 13 47 13 42 30
3 46 31 59
8 19 13 27 42 53 30 42 53 42 59 21 34
53 42 13 57 12 26 50 43 50 0
5 51 12 55 57 54
13 12 53 48 46 59 50 31 58 27
3 46 59 53 30 42
42 12 24 33 51 55 47 50 34 47
22 9 15 4 54 16 57
30 55 5 47 57 8 9
9 46 42 44 27 29 39 39 5 9 9
51 9 54 22 48 5 51 12 42 47 38 55 5 47 4 5 9 51 42
8 47 45 48 13 42 5
53 42 50 57 54 13 8 46 42
4 51 5 42 27 55 55 50 11
42 55 50 5 5 46 51 42 24 5 9
37 42 53 42 13 12 53 48
42 42 35 54 5 24
3 31 47 55 50 57 14
53 42 13 50 57 12 17 41 16 9 8 42 24 24 42
9 55 56 55 5 47 4 34 21 20 9 5 46 51 42 5
13 42 47 38 14 55 57 54
42 14 37 50 17 31 58 27
5 31 12 57 9 8 47 45 48 13 42 5 52 54 19 46 42
42 12 33 51 55 47 9 50 53 43 19 53
43 46 9 42 57 17 42 46 51 43 50 47
53 42 50 57 12 19 39 26 50 43 53 27 29 22 39
13 12 53 48
54 42 53 27 5 14 24 5 42
50 17 31 58 27 5 24
26 23 24 43 46 9 42 57
5 51 12 53 36 46 27 29 42 9 19 9
59 26 23 10 9 42 34 22 22 20
42 19 47 54 47 35 13 42 40 34 21 20 9
13 42 8 34 21 53 29 53 36 46 29
50 43 50 9 0 13 24 13 9 47 42 27 5 13
48 8 5 34 34 21 20 9 29 13 47 13 42 30
23 21 10 9 42 34 22 22 27 20 43 50 47
14 55 57 17 19
19 39 26 50 43 5 19 19 9 37 19 5 24
59 4 37 48 42 17 47 6 19
53 42 13 50 57 54 31 42 43 57
9 50 53 43 19 53 24 13 47 13 34
41 8 39 53 30 42 53 42 59 21 34
5 43 24 21 50 42 47 38 4 44 44 54
41 24 5 29 1 54 9 51 9 5
5 48 19 54 57 58 11 3 22 13 59 2 43 53 27 5 14 24 5 42
13 37 57 58 11 20 9 46 46 13 24 13 9 22 20 9 46 46
50 51 9 5 9 9 12 18 33 54 37 57 58 42 0 22 35
37 19 42 37 13 28 50
9 46 44 42 42 24 55 47 53 37 27 29 39
5 43 24 21 50 52 54 14 19 50 34 58 12 31
57 13 5
3 22 13 59 2 5 24 59 4 37 47 5 59 46 17 52 42 15
14 55 57 17 19 47 42 27 5
42 42 59 42 12 24 48 42 17 47
42 8 34 5 34 19 42 39 55 42
41 16 9 8 42 24 24 42 10 14 59 4 37 52 54 14
41 16 9 8 42 24 24 42
5 19 37 19 29 9 42 8 34 50 12 34 27 42 42 8 59
51 5 5 49 13
54 29 42 27 29 39 39 39 33 47 53 30 42 53 42 59 21 34
37 19 42 37 13 28 50 5
19 29 47 27 5 48 28 49 5 42 19 24 50 57 44
5 9 3 22 13 59 2 29 29 9 46 42 44
45 41 42 8 34 53 27 29 22 39
53 27 29 22 39 57 58 11 47 9
54 13 8 46 42 5 34 20 42 47 42 27 5
5 5 30 4 54
35 26 47 13 24 23 42 57 33
53 27 29 22 39 43 50 47
27 42 5 9 42 42 35 54
26 28 54 29 8 29 38 46
51 53 27 55 24
19 48 29 30 55 19 55 24 50 12 34 27 42 42 8 59
13 19 48 29 30 53 30 42
9 4 14 57 5 48 28 49 5 5 31 12 57 9
53 27 22 39 8 47 45 48 13 42 5
20 28 29 59 42 47 5 5 30 4 54
57 8 47 45 4 27 48 13 42 34 9 55 13 56 13 21 53
20 9 46 46 42 39 51 57 55
19 39 26 50 43 9 4 54 29 42
9 55 13 56 24 53 30 42 43 46 9 42 57
42 30 9 17 50 47 28 54
53 42 13 50 12 46 47 10 9 42 34 22 22 27 20
8 47 45 4 27 48 13
57 27 57 4 51 5 42 27
5 29 55 9 42 8
29 55
9 50 53 43 19 34 21 20 9 43 50 47
27 8 42 26 27 42 9 54 50 50 24 42 13 59 34
12 55 50 11 42 42 59 42 12 24
42 50 42 19 34 27 55 5 9 9
39 54 39 37 15 47 9 9 12 18 33 54
52 54 19 46 42 47 9 42 57 50 5 28 29 59 47 48 47 42 27 27
29 46 50 43 50 0 27 29 39
21 34 53 2 3 24
53 27 5 14 24 5 42 14 57
22 19 30 4 34 15 51 53 27 42 42 35 54
54 10 53 47 50 8 58 29 13 47 13 42 30 29 9
13 27 42 5 24 29 2 59 59 34 29
13 38 58 54 42 46 4 59 26 23 26 42 42 35 54
55 19 58 53 42 13 50 57 12
42 57 50 5 5 24
46 47 9 55 13 56
41 24 5 29 1 9 14 55 57 54 42 47 38
42 13 5 17 53 30 42 53 42 59 21 34 39 33 47
9 50 53 43 19 42 55 50 5
29 38 46 55 54 29
50 8
51 9 50 53 43 53
52 54 19 46 42 55 19 12 55 50 11
52 54 14 2 11 54 30 43 50 47 24 46 47
28 29 59 47 48 47 27 27
5 46 51 42 24 5 42 29 13 47 12 50 57 17 48
14 55 57 54 9 29 29 9 53 27 5 14 24 5 42
53 42 13 50 57 12
5 27 13 10 9 42 34 22 22 27 20 20 35 5 37 31 5 13
41 16 9 8 42 24 24 42 8 47 45 4 27 48 13
13 27 42 55 5 47 4
13 22 5 59 53
5 43 24 21 50 29 29 51 20
36 55 48 42
42 57 50 5 35 26 47 13 27 42
5 34 13 12 53 48
29 54 10 47 33 27 29 39 39
10 42 39 51 57 55 10 9 42 39 54 53 42 34
6 19 4 57 13 5 51 20
27 8 42 26 42 42 35 54
5 44 50 42 12 24 33 55 47 4 46 9
51 55 47 53 54 37 26 28 54 29 8
57 42 36 48 47 44 9 48 11
45 41 9 4
50 8 29 54 10 47 33 6 19
42 17 34 43 50 5 34 42 17
42 0 22 35 5 24
53 30 42 53 42 59 21 34
36 55 48 19 54 29 13 47 13 30
14 55 57 54 24 9 50 53 43 19
36 55 48 42 46 47 9 50 53 43 22 59 53 16
42 12 24 33 51 55 47
50 8 58
50 8 58 19 48 29 30 55 19 58 42 8
10 42 39 51 57 55 5 34 53 50 42 42
37 42 53 42 54 29 52 42 10 14 57 54 3 22 13 59 2
55 19 58 51 5 5 49 13 21 34 53 2 0
41 24 5 22 1 54 9 42 57 50 5 42 30 42 42
10 42 39 51 57 55 29 13 12 53 48
39 33 47 5 19 19 9 37 19
29 29 9 48 42 59 4 37 46 47 57
41 37 38 27 55 57 47 21 51 20
26 42 53 27 29 22 39 5 14 34 42 30 42 42 9
27 42 5
34 21 20 9 13 24 42 54 47 55
19 42 5 13 15 53 30 42 53 42 59 21 53 36
9 50 53 43 19
13 38 58 54 42 46 4
55 54 29 29 54 10 53 47 33
54 29 8 42 37 19 42 37 13 28 50 5
13 5 24 19 39 26 50 43 27 42 48 19 54
29 54 10 53 47 33 13 12 53 48
9 42 34 22 22 20 53 42 13 50 57 12
53 36 9 55 13 56
43 50 47 42 13 59 34 5 34
54 29 52 42 10 50 57 17 48
50 19 43 42 17 5 48 28 49 5 13 24 13 9
13 12 53 48 29 29 9 50 43 50 9 0
8 47 45 48 13 42 5 3 22 13 59 2
48 19 54 9 50 53 43 19 53
50 8 58 58 37 3 56 39 10 9 42 36 51 22 55
55 42 47 29 29 9 33 47 19 47 27 5 4 51 14
29 13 47 13 42 30 19 47 27
29 13 47 13 42 30
51 55 47 53 54 37
13 24 23 42 57 33 5 5 30 4 54 26 42
29 29 9 45 41 53 13 50 57 12 50 17 31 58 27
22 4 46 20 46 15
19 48 29 30 10 42 39 51 57 55
21 55 50 5 59 4 37 30 31 5 38 57
5 31 12 57 5 24 57 27 13 39
42 37 27 52 8 34 21 20 9
8 47 45 48 13 42 5 42 58 5 34
13 27 57 41 24 5 22 1 54 9
27 29 39 22 19 30 4 34
59 59 34 29 9 21 54 50 50 24 48
13 5 20 35 5 37
5 5 30 4 54 36 55 48 42 6 19 50 43 50 9 0
34 58 12 31 55 42 47 5 31 21 21 49 39 57
9 15 4
50 57 17 48
39 29 5 51 39 33 47 33 5 58 51 53 27 29 22 39 5 9 9
29 29 9 9 55 13 56 42 17 39
42 50 5 20 9 46 46
27 29 39 39 57 27 50 38 46 42 50 50 19 39 12 19 48 29 30
37 19 42 37 13 28 50 5 29 42
5 21 49 39 57 53 42 13 50 57 12
5 43 24 21 50 46 54 13 20 35 5 37
10 19 29 13 27 57
27 42 40 5 55 27 27 5 57 12 27 57 50
43 50 47 46 54 13
51 55 47 53 54 37 29 13 57 55 19 58
42 47 38 42 0 22 35
22 9 4 35 27 29 39 39 12 55 50 11
50 8 47 5 59 46 17 52 42 15 13 13 9
53 16 22 20 9 46 46 50 58 27
50 57 17 48 29 9
13 24 42 54 47 55 55 24 51 20
27 8 42 26 13 42 14 37
54 29 42 15 51 53 27 54 29 42
42 42 55 41 16 9 8 42 24 24 42
37 19 50 51 9 5 13
10 42 39 51 57 55
39 54 29 37 36 58 53 19 39 26 50 43
54 29 42 42 9 19 9 13 27 42
9 21 50 24 51 55 19 46 42 53 30 42
41 16 9 8 42 24 24 42 46 47
46 47 53 30 42 27 42 40 5 24 57 27 13 39
47 9 2 54 27 14
13 14 55 57 17 19 15 51 53 27 5 31 57 9 42
49 42 42 58 27 57 47
47 42 27 5 43 50 47 2 14
53 30 42 8 47 45 48 13 42 5
50 51 9 5 42 55 50 5
55 19 54 31 42 43 57 29 54 53 47 33
26 42
20 28 29 59 42 47
59 59 34 29 35 5 24 42 58 3 46 31 59 31 21 21 49 39 57
27 9 50 21 53 13 27 42 29 29 9
13 24 13 9 37 42 42 42 39 4 54 10
5 31 21 21 49 39 57
15 47 44 9 48 11 29 29 9 50 53 19 53
41 8 39 8 47 45 48 13 42 5
42 47 38 51 5 5 49 13
42 9 19 9 42 8 34 57 50 19 43 42 58 17
42 29 13 47 12 59 26 23 17 42 46 51
41 16 9 8 42 24 24 42 50 9 5
41 16 9 8 42 24 42 9 50 53 43 19
46 47 42 30 42 42 9 42 0 22 35
59 42 57 31 5 5 30 54 53 36 46 27 29
29 8 47 45 48 13 42 5 5 5 30 4 54 39 33 47
48 19 54 54 34 54
57 50 19 43 42 58 17
29 54 10 53 47 33 26 42 5 14
42 30 42 42 9 39 33 47
20 35 5 37 13 46 59 27
8 47 45 48 13 42 5 53 30 42 9 4
15 47 9 48 11 42 13 59 34 12 50 11
13 12 53 48 42 9 19 28 50 5 42 31
54 59 13 59 42 57 31 39 29 5 51
9 9 12 18 33 54 57 5 39 13 42
14 55 57 17 19 41 8 39
39 47 36 51 22 55 50 8 58
50 9 55 13 56 48 19 54 37 57 25 19 48 29 30 59 12 10
34 58 12 31
20 5 54 13 46 47 4 46 9 9
20 9 46 46 21 9 46 42 44 43 50 47
3 22 13 59 2
51 5 5 49 13 52 54 14 35 11 30
42 14 37 19 39 26 50 43 17 47
42 24 33 51 55 47 13 27 42 57 8 29 24 34 21 20 9
42 0 22 35 9 55 13 56 44 42 50 13 12 53 48
15 51 53 27 41 24 29 1 54 9
15 47 44 9 48 11 55 24
13 27 42 12 55 50 11 9 50 53 43 19 53
42 37 27 52 8 10 19 29 29 5 43 24 21 50
50 43 50 9 0 5 5 30 4 54
50 17 31 58 27
45 57 28 29 59 42 47
55 56 29 39 19 29 30 26 53 42 13 50 57 12
27 42 5 2 54 27 14 42 8 34
42 14 37 20 35 5 37
14 55 57 54 5 34
34 21 20 9 5 5 30 4 54 42 42 59 42 12 24
15 47 44 9 48 11 42 9 19 29 29 9
51 5 5 13
27 8 42 26 13 24 42 54 47 55
50 20 5 54
14 55 57 54 42 19 24 50 57 44 42 5
5 9 9 42 30 9 17 31 43 42 52 9 10
50 17 31 58 27 53 36 27 42 5 55 57 54
5 9 51 42 5 5 30 4 54 19 48 29 30
50 57 26 42 50 51 9
50 51 9 5 42 37 27 52 8
23 21 13 15 54 8 19 45 41 19 54 17 4 44 44 54
27 8 42 26 41 24 5 29 22 1 54 9
51 20 13 12 53 48 55 19 58
41 24 5 29 22 1 54
42 29 13 47 12 50 12 19 48 29 30
42 13 50 57 12 29 38 46
22 20 9 46 46 36 51 22 55
5 46 51 42 24 5 46 47 19 48 29 13 57 35
42 47 38 8 47 45 48 13 42 5 13 24 42 54 47 55
5 24 29 29 9 54 29 42 41 16 9 8 42 24 24 42
30 42 42 9 29 39 39 44 50 10 42 39 51 57 55
13 24 42 54 47 55 42 0 22 35
29 13 47 13 42 30 37 19 42 37 13 28 50 5
9 55 13 56 42 29 47 34 21 20 9 27 42
42 12 24 33 51 55 47
29 29 9 27 57 9 47 42 47 38
5 51 12 42 42 35 54 5 31 21 21 49 39 57
37 57 58 11 53 29 22 39 13 24 13
57 8 9 9 53 42 42 35 54
9 9 12 18 33 54
54 17 3 22 13 59 2 42 9 58 42 14 37
5 5 30 4 54 51 5 5 49 13
13 27 3 22 13 59 2
27 29 39 39 6 19 54 59 13 5 9 9
4 51 5 42 27 57 54 19 48 29 30
8 47 45 48 13 42 5
20 35 37 14 55 57 54 37 19 42 37 13 28 50 5
53 42 13 50 57 12
59 42 57 31 54 17 27 29 39 39
29 27 42 5 29 54 10 53 47 33 42 5
13 12 53 48 50 50 19 39 5 47 12 51 20
15 47 44 9 48 11
42 47 43 50 47 19 48 29 30
39 33 47 13 24 42 54 47 55 21 54 34 54
3 22 13 59 2 10 15 42 54
54 13 8 46 42 53 42 13 50 57 12
19 39 26 50 43
22 19 30 4 34 26 28 29 8
53 42 13 50 57 12
19 13 27 42 50 34 58 12 31
42 44 26 23 55 19 58 29 29 9 27 42
44 42 50 29 54 10 53 47 33
55 5 47 15 47 44 9 48 11
50 51 9 5 42 9 19 9
29 29 9 22 59 53 16 14 57
54 29 42
54 54 5 55 27 27 5
47 42 27 5 10 42 39 51 57 55
53 30 42 53 42 59 21 34 42 53 42
47 9 39 13 50 27 19 48 29 30
5 19 19 9 37 19
10 9 42 34 22 22 27 20
26 42 45 41 29 54 10 53 47 33
47 9 29 57 13 5 47 42 27 5
14 55 57 54 37 54 53 21 47 50 8 58 20 35 5 37
5 13 24 23 42 57 33 10 15 42 54 19 48 29 30
15 47 44 9 48 11 5 9 9 29 39 39 20 35 37
53 30 42 9 9 12 18 33 54 55 54 29
42 58 53 42 13 50 57 12
29 38 46 5 48 28 49 5
3 22 13 59 2 12 55 50 11 42 55 50 5
28 50 5 42 31 50 17 31 58 27
43 46 9 42 57 22 9 4 26 28 54 27 54
13 24 42 54 47 55 5 34
8 47 48 13 42 5
57 13 5 42 0 22 35 34 21 20 9
50 17 31 58 27 13 27 57 9 6 19
59 59 34 29 43 46 9 42 57
43 46 9 42 57 29 9
9 4 50 53 53 36 41 24 5 29 22 1 54 9 5 48 14 13
54 2 42 13 24 42 54 47 55
54 27 14 14 55 57 17 19 54 13 52 54 14 35 2 11 54 30
29 29 9 22 9 15 4 20 28 29 59 42 47
53 27 5 14 24 5 42
47 9 5 12 52 29 38 46
42 9 19 9 26 28 54 27 54
9 4 27 29 39 39 12 55 50 11
51 9 54 22 48 29 24 42 19
27 5 43 19 13 24 13 9 10 42 39 51 57 55
19 39 26 50 43 42 9 58 15 53 47 24 51
47 50 46 47 19 48 29 30 14 55 57 17 19
19 29 47 27 13 24 42 54 47 55
5 5 30 4 54 20 35 5 37 54 10 53 47 33
10 15 42 54 46 54 13 42 19 24 50 57 44 51 20
50 5 54
53 42 13 50 57 12 29 13 9 42 0 22 35
42 12 24 33 51 55 47
42 42 35 54 29 54 10 53 47 33
42 47 38 50 8 58 5 34 20 42
53 27 29 22 39 9 9 53 42 19 27 55
46 13 55 24 57 9 4 3 22 13 59 2 22 59 53 16
9 55 13 56
30 42 54 29 42 9 12 18 33 54 5 9 9 8 47 45 48 13 42 5
41 16 9 8 42 24 24 42
13 24 9 9 50 43 19
42 14 42 0 22 35 42 9 19 9
3 22 13 59 2 29 10 53 47 33 27 19 48 29 30 55 13 56 57 9 21 54 50 50 24
20 50 39 12
13 13 9 50 47 46 31 9 50 53 19 43 13
9 46 42 44 42 42 35 29 38 46 4 46 9 9
55 47 42 39 42 5 21 49 39 57
29 13 47 13 42 30 42 47 38 42 42 24 19
42 42 39 4 54 10 10 9 42 34 22 22 27 20
10 9 42 34 22 22 27 20 4 53 27 29 22 39
29 8 47 45 48 13 42 5
50 51 9 5 15 47 44 9 48
13 24 13 9 46 47 53 42 13 50 57 12
37 19 42 37 13 28 50 5
27 29 39 39 47 54 47 35 13 42 40
50 50 19 39 5 47 12 27 29 39 39
52 54 14 42 14 10 19 53 27 22 39
35 26 47
