closedFP kddcup99 memory
	FPClose	Charm	LCM	DCIClosed	AprioriClose
0,8	5222,305024719239	667,6957107543946	4574,7050857543945	4685,399459838867	4079,902438354492
0,775	5244,235231018067	692,9421798706055	5686,568347167969	6734,557902526855	4067,655537414551
0,75	5262,667454528809	714,6800765991211	6863,238256835937	8652,524195861817	4108,0918243408205
0,725	5312,160380554199	705,6290420532226	8495,942231750489	3151,56954498291	4156,283027648926
0,7	5195,101937866211	708,6356903076172	9032,329670715331	5142,329244995117	4132,865797424316
0,6749999999999999	5290,448365783692	672,2351730346679	9032,329666137695	7189,193733215332	4049,073449707031
0,6499999999999999	5338,486791992187	692,943798828125	9019,387518310547	1373,5276626586915	4036,7660110473635
0,6249999999999999	5380,609111022949	692,3011749267578	8932,725782775879	1365,498826599121	4035,9215087890625
0,5999999999999999	5375,046496582031	684,0718048095703	9032,329510498046	1377,2203750610352	4043,9502517700193
0,5749999999999998	5391,933670043945	685,1049880981445	9032,329473876953	2051,020672607422	4049,7827438354493
0,5499999999999998	5401,100617980957	685,4261596679687	9018,724731445312	6809,6919967651365	4042,778192138672
0,5249999999999998	5336,467297363281	834,4448089599609	9032,329275512695	6259,149990844727	4106,61722869873




closedFP mushroom memory
	FPClose	Charm	LCM	DCIClosed	AprioriClose
0,5	184,32999725341796	184,33004913330078	221,1959976196289	184,32999725341796	221,1959976196289
0,45	221,1959976196289	184,33001403808595	184,32999725341796	184,32999725341796	184,32999725341796
0,4	184,32999725341796	184,33001403808595	184,32999114990236	184,32999114990236	221,19599151611328
0,35000000000000003	184,32999114990236	258,0619918823242	258,0619918823242	184,32999114990236	184,32999114990236
0,30000000000000004	221,19599151611328	184,32999114990236	368,65999298095704	405,5260009765625	184,32999114990236
0,25000000000000006	221,19599151611328	184,32999114990236	368,6698699951172	368,6740478515625	184,32999114990236
0,2000000000000001	184,32999114990236	184,32999114990236	589,859130859375	552,991569519043	184,32999114990236
0,15000000000000008	221,19599151611328	184,32999114990236	737,3324417114258	774,2062896728515	184,32999114990236
0,10000000000000006	221,19599151611328	184,32999114990236	1290,3313751220703	1105,9839324951172	184,32999420166016




closedFP onlineRetail memory
	FPClose	Charm	LCM	DCIClosed	AprioriClose
0,01	1238,6139469146729	1065,2057857513428	1238,620470046997	1041,9214096069336	891,3074760437012
0,009000000000000001	1215,572717666626	1042,1672039031982	1215,5792236328125	1041,9214115142822	868,2662162780762
0,008	1238,6139526367188	1238,9263191223145	1238,6204929351807	1041,9213981628418	868,2662220001221
0,007	1215,57271194458	1389,6028747558594	1215,5792407989502	1064,962646484375	868,2662239074707
0,006	1238,6139736175537	1563,3206462860107	1215,5791931152344	1041,9213981628418	891,3074779510498
0,005	1215,5727005004883	1910,7563037872314	1258,6881885528564	1041,9214134216309	868,2662258148193
0,004	1215,5727005004883	2431,9095344543457	1412,2754707336426	1128,450387954712	650,590353012085
0,0022500000000000003	933,8677272796631	2496,093818664551	1040,9505634307861	910,8284244537354	650,590353012085
0,0015	910,8264999389648	4685,865991592407	1051,5266704559326	920,0509052276611	657,1624774932861
7,5E-4	920,0274963378906	6871,7917766571045	1087,779769897461	1044,3566493988037	652,7213878631592




closedSequence bible memory
	CloSpan	CMClaSP	BIDE	ClaSP
0,2	1548,3804092407227	1732,7056503295898	1296,4615783691406	1548,3713836669922
0,17500000000000002	1720,4127960205078	1548,4446029663086	1204,3058547973633	1548,3756103515625
0,15000000000000002	1892,458351135254	1548,3759841918945	1468,5388412475586	1548,3756103515625
0,12500000000000003	2236,5407943725586	1548,375961303711	1720,4219665527344	1720,4796295166016
0,10000000000000003	2580,6229858398438	1720,4168243408203	1892,4617919921875	2064,4995193481445
0,07500000000000004	3440,834342956543	1892,520622253418	2580,6294174194336	2236,540855407715
0,05000000000000004	5333,315238952637	2277,049186706543	4378,916763305664	3152,9190521240234
0,025000000000000036	4668,660430908203	3827,565086364746	9126,801849365234	6571,347305297852




closedSequence leviathan memory
	CloSpan	CMClaSP	BIDE	ClaSP
0,2	547,8340637207032	621,5659790039062	457,3876754760742	547,8339614868164
0,17500000000000002	730,4453109741211	547,835530090332	402,0886962890625	547,8339691162109
0,15000000000000002	730,445278930664	547,8339767456055	547,8342407226562	547,8370849609375
0,12500000000000003	1059,051336669922	547,8355392456054	547,8339584350585	730,4453048706055
0,10000000000000005	1278,2810012817383	730,4484329223633	730,4453353881836	767,3120697021484
0,07500000000000004	2045,5908325195312	931,4896240234375	1095,6682540893555	1095,6731704711915
0,05000000000000003	4017,4525634765623	1315,1461120605468	2373,94744720459	1752,6331283569336
0,025000000000000033	3912,47442779541	3479,770637512207	8644,715927124023	4555,235066223145




FP kddcup99 memory
	PrePost+	LCMFreq	PrePost	H-Mine	FPGrowth	Eclat	Apriori	Relim
0,8	5246,846586608886	4515,321044921875	5259,604118347168	5242,886672973633	5231,133728027344	1586,4336654663086	2465,894692993164	5247,960372924805
0,775	5345,313107299805	5794,576600646973	5318,674356079102	6101,096403503418	5277,265748596192	2635,9732620239256	2449,601806640625	5949,323745727539
0,75	5320,908744812012	6898,3404190063475	5319,111781311035	6710,4231582641605	5313,233685302735	3735,7818756103516	2473,6380447387696	6720,456936645508
0,725	5495,127958679199	8503,428929138183	5337,310549926758	7786,363771057129	5334,5320846557615	4991,42826385498	2467,447993469238	8998,38514251709
0,7	5426,954985046386	9032,324992370606	5496,882479858398	8665,788774108887	5301,319387817382	6025,0287414550785	2466,982942199707	8996,0324508667
0,6749999999999999	5495,5230163574215	9032,32495727539	5502,56063079834	9029,820199584961	5345,029190063477	8000,945600891113	2478,2890029907226	9032,324864196777
0,6499999999999999	5434,505419921875	9032,324742126464	5459,063006591797	9032,324742126464	5285,077445983887	9032,324742126464	2512,118196105957	9032,324836730957
0,6249999999999999	5514,70043334961	8998,101023864747	5465,007556152344	8777,381666564941	5261,331999206543	8922,201599121094	2479,9987503051757	9032,32469482422
0,5999999999999999	5512,261560058594	9032,324572753907	5468,1960372924805	9001,390754699707	5280,269123840332	8954,898023986816	2490,8672622680665	9032,32469482422
0,5749999999999998	5513,534643554687	9032,324572753907	5502,372967529297	9016,582057189942	5278,920901489258	8438,008015441894	2493,239756774902	9032,32463684082
0,5499999999999998	5512,0146484375	9032,324429321288	5498,730328369141	8838,400036621093	5326,519052124024	9013,79615020752	2493,85924987793	9032,324581909179
0,5249999999999998	5491,730786132813	9032,324459838866	5507,1458938598635	9002,110525512695	5339,51204071045	9015,235200500489	2509,4338912963867	9032,32448272705




FP mushroom memory
	PrePost+	LCMFreq	PrePost	H-Mine	FPGrowth	Eclat	Apriori	Relim
0,5	220,0246810913086	220,0246810913086	201,59168243408203	183,15868072509767	183,15868072509767	183,15873260498046	183,15868072509767	366,32019805908203
0,45	183,15868072509767	183,15868072509767	183,15868072509767	183,15868072509767	183,15868072509767	183,15869750976563	183,15867462158204	1282,1272689819336
0,4	183,15867462158204	366,3215927124023	183,15867462158204	220,02467498779296	183,15867462158204	220,02467498779296	183,15867462158204	3663,187828063965
0,35000000000000003	183,15867462158204	403,18653564453126	183,15867462158204	384,75415954589846	183,15867462158204	366,32517395019534	195,14012603759767	9214,951950073242
0,30000000000000004	183,56864166259766	550,7170959472656	183,56864166259766	367,139404296875	183,56864166259766	550,7215774536132	183,56864166259766	9213,920622253418
0,25000000000000006	183,96642608642577	1140,6824157714843	183,96642608642577	588,7675903320312	220,83242645263672	735,8782409667969	183,9664291381836	9213,920404052735
0,2000000000000001	368,4101104736328	5538,205546569824	367,5800186157227	3308,2599853515626	367,5802825927734	4962,454602050781	220,51931915283203	9213,920365905762
0,15000000000000008	552,5779312133789	8841,36286468506	552,7222702026368	5379,882284545898	734,797738647461	7568,215823364258	219,43219299316405	9213,920921325684
0,10000000000000006	2762,7337997436525	9213,935363769531	2764,0054580688475	9213,935299682616	3120,490151977539	9213,935299682616	183,6380355834961	9213,935421752929




FP onlineRetail memory
	PrePost+	LCMFreq	PrePost	H-Mine	FPGrowth	Eclat	Apriori	Relim
0,01	1252,5704956054688	1234,1481475830078	1234,137484741211	1234,137516784668	1252,5704727172852	528,9160812377929	528,916064453125	1234,156558227539
0,009000000000000001	1234,1375305175782	1234,1480743408204	1234,1374542236329	1234,1375366210937	1234,1374618530274	528,9160873413086	528,9160552978516	1234,1374679565429
0,008	1234,137483215332	1252,5811325073241	1252,5704772949218	1252,5704803466797	1234,1374710083007	528,9160552978516	528,9160430908203	1234,1374938964843
0,007000000000000001	1234,137466430664	1252,5811126708984	1234,137466430664	1234,4247207641602	1252,570460510254	547,3490570068359	528,9160552978516	1252,570523071289
0,006	1234,1374649047852	1234,1480895996094	1234,1374710083007	1234,137533569336	1234,1374649047852	528,9160552978516	528,9160430908203	1410,4429779052734
0,005	1234,137503051758	1234,1481018066406	1234,1375061035155	1271,0034896850586	1234,1374710083007	528,9160552978516	528,9160552978516	1410,4428634643555
0,004	1234,1374816894531	1410,453921508789	1252,5704711914063	1410,4428466796876	1234,1374572753907	528,9160552978516	547,3490570068359	1428,876350402832
0,003	1234,1374588012695	1410,4544052124024	1234,1374771118165	1428,8758728027344	1234,1374618530274	528,9160552978516	547,3490447998047	1586,7489685058595
0,002	1234,137469482422	1410,4604949951172	1234,137469482422	1410,4437698364259	1234,1374771118165	705,2214141845703	528,9160552978516	1763,0540786743163
0,001	1234,1375091552734	1586,7588287353515	1234,1375213623046	1586,7509704589843	1252,570491027832	705,2216064453125	528,9160461425781	2291,974713134766




sequence bible memory
	PrefixSpan	SPADE	CMSPADE	CMSPAM	LAPIN	SPAM
0,2	1291,5338516235352	1302,2439575195312	6514,240013122559	2531,2718963623047	2530,4387435913086	2362,576347351074
0,17500000000000002	1180,8658142089844	1349,563705444336	6641,717430114746	2571,283981323242	2570,633575439453	2400,0961837768555
0,15000000000000002	1199,625747680664	1371,0011978149414	6515,106224060059	2609,3004608154297	2608,5627670288086	2435,1155014038086
0,12500000000000003	1391,2283477783203	1391,2266006469727	6611,029022216797	2640,412178039551	2639,6744689941406	2640,599105834961
0,10000000000000003	1407,819320678711	1583,7959518432617	6690,0122146606445	2647,6958618164062	2646,9569396972656	2824,252555847168
0,07500000000000004	1764,6333312988281	1764,6612091064453	6884,4615478515625	2833,4711532592773	2655,688819885254	3049,5499267578125
0,05000000000000004	2301,58699798584	2163,48046875	7615,932540893555	3028,075263977051	2671,183807373047	4097,012001037598
0,025000000000000036	4630,038818359375	3752,9713287353516	2113,3688888549805	4858,72322845459	2849,9522018432617	9125,284408569336




sequence leviathan memory
	PrefixSpan	SPADE	CMSPADE	CMSPAM	LAPIN	SPAM
0,2	412,9027160644531	364,05526580810545	910,1740112304688	546,1065078735352	582,9498519897461	546,101904296875
0,17500000000000002	364,0552642822266	382,4882873535156	910,1731704711914	546,1065567016601	558,0655715942382	558,0833114624023
0,15000000000000002	382,48827362060547	564,5158599853515	910,1727294921875	728,1482360839843	546,0836837768554	728,1436187744141
0,12500000000000003	364,0552642822266	546,0829635620117	910,1653930664063	728,1435394287109	546,0836547851562	728,1435577392579
0,10000000000000005	546,0831329345704	564,516015625	1092,2144165039062	728,1388305664062	691,2455749511719	910,1899871826172
0,07500000000000004	546,0828720092774	728,1167007446289	1286,2184478759766	910,1757690429688	728,1116470336914	1129,0976699829102
0,05000000000000003	910,1383987426758	1129,0411590576173	1929,0620147705079	1456,3291046142579	728,1114547729492	2184,5287902832033
0,025000000000000033	2366,3594039916993	2912,4579467773438	6044,187701416015	5086,8967361450195	901,1573516845704	9183,932800292969




