closedFP kddcup99 size
	FPClose	Charm	LCM	DCIClosed	AprioriClose
0,8	0,0	0,0	0,0	0,0	0,0
0,775	32,0	32,0	32,0	32,0	32,0
0,75	64,0	64,0	64,0	64,0	64,0
0,725	99,0	99,0	99,0	99,0	99,0
0,7	132,0	132,0	132,0	132,0	132,0
0,6749999999999999	164,0	164,0	164,0	164,0	164,0
0,6499999999999999	199,0	199,0	199,0	197,0	199,0
0,6249999999999999	200,0	200,0	200,0	197,0	200,0
0,5999999999999999	202,0	202,0	202,0	197,0	202,0
0,5749999999999998	226,0	226,0	226,0	212,0	226,0
0,5499999999999998	474,0	474,0	474,0	308,0	474,0
0,5249999999999998	787,0	787,0	787,0	466,0	787,0




closedFP mushroom size
	FPClose	Charm	LCM	DCIClosed	AprioriClose
0,5	45,0	45,0	45,0	45,0	45,0
0,45	83,0	83,0	83,0	74,0	83,0
0,4	140,0	140,0	140,0	126,0	140,0
0,35000000000000003	260,0	260,0	260,0	241,0	260,0
0,30000000000000004	427,0	427,0	427,0	403,0	427,0
0,25000000000000006	688,0	688,0	688,0	661,0	688,0
0,2000000000000001	1203,0	1203,0	1203,0	1125,0	1203,0
0,15000000000000008	2261,0	2261,0	2261,0	2101,0	2261,0
0,10000000000000006	4897,0	4897,0	4897,0	4565,0	4897,0




closedFP onlineRetail size
	FPClose	Charm	LCM	DCIClosed	AprioriClose
0,01	131,0	131,0	131,0	126,0	131,0
0,009000000000000001	154,0	154,0	154,0	149,0	154,0
0,008	178,0	178,0	178,0	171,0	178,0
0,007	212,0	212,0	212,0	205,0	212,0
0,006	254,0	254,0	254,0	247,0	254,0
0,005	321,0	321,0	321,0	312,0	321,0
0,004	413,0	413,0	413,0	403,0	309,75
0,0022500000000000003	436,5	436,5	436,5	427,5	436,5
0,0015	713,25	713,25	713,25	702,0	713,25
7,5E-4	1424,25	1424,25	1424,25	1399,5	1424,25




closedSequence bible size
	CloSpan	CMClaSP	BIDE	ClaSP
0,2	0,0	0,0	37,0	0,0
0,17500000000000002	0,0	0,0	52,0	0,0
0,15000000000000002	0,0	0,0	74,0	0,0
0,12500000000000003	0,0	0,0	112,0	0,0
0,10000000000000003	0,0	0,0	173,0	0,0
0,07500000000000004	0,0	0,0	318,0	0,0
0,05000000000000004	0,0	0,0	774,0	0,0
0,025000000000000036	0,0	0,0	3274,0	0,0




closedSequence leviathan size
	CloSpan	CMClaSP	BIDE	ClaSP
0,2	0,0	0,0	101,0	0,0
0,17500000000000002	0,0	0,0	141,0	0,0
0,15000000000000002	0,0	0,0	225,0	0,0
0,12500000000000003	0,0	0,0	355,0	0,0
0,10000000000000005	0,0	0,0	650,0	0,0
0,07500000000000004	0,0	0,0	1313,0	0,0
0,05000000000000003	0,0	0,0	3669,0	0,0
0,025000000000000033	0,0	0,0	19248,0	0,0




FP kddcup99 size
	PrePost+	LCMFreq	PrePost	H-Mine	FPGrowth	Eclat	Apriori	Relim
0,8	0,0	0,0	0,0	0,0	0,0	0,0	0,0	0,0
0,775	32,0	32,0	32,0	32,0	32,0	32,0	0,0	32,0
0,75	64,0	64,0	64,0	64,0	64,0	64,0	0,0	64,0
0,725	100,0	100,0	100,0	100,0	100,0	100,0	0,0	100,0
0,7	134,0	134,0	134,0	134,0	134,0	134,0	0,0	134,0
0,6749999999999999	198,0	198,0	198,0	198,0	198,0	198,0	0,0	198,0
0,6499999999999999	265,0	265,0	265,0	265,0	265,0	265,0	0,0	265,0
0,6249999999999999	267,0	267,0	267,0	267,0	267,0	267,0	0,0	267,0
0,5999999999999999	269,0	269,0	269,0	269,0	269,0	269,0	0,0	269,0
0,5749999999999998	294,0	294,0	294,0	294,0	294,0	294,0	0,0	294,0
0,5499999999999998	542,0	542,0	542,0	542,0	542,0	542,0	0,0	542,0
0,5249999999999998	965,0	965,0	965,0	965,0	965,0	965,0	0,0	965,0




FP mushroom size
	PrePost+	LCMFreq	PrePost	H-Mine	FPGrowth	Eclat	Apriori	Relim
0,5	153,0	153,0	153,0	153,0	153,0	153,0	0,0	153,0
0,45	329,0	329,0	329,0	329,0	329,0	329,0	0,0	329,0
0,4	565,0	565,0	565,0	565,0	565,0	565,0	0,0	565,0
0,35000000000000003	1189,0	1189,0	1189,0	1189,0	1189,0	1189,0	0,0	1189,0
0,30000000000000004	2735,0	2735,0	2735,0	2735,0	2735,0	2735,0	0,0	2735,0
0,25000000000000006	5545,0	5545,0	5545,0	5545,0	5545,0	5545,0	0,0	5545,0
0,2000000000000001	53663,0	53663,0	53663,0	53663,0	53663,0	53663,0	0,0	53663,0
0,15000000000000008	98575,0	98575,0	98575,0	98575,0	98575,0	98575,0	0,0	98575,0
0,10000000000000006	574513,0	574513,0	574513,0	574513,0	574513,0	574513,0	0,0	574513,0




FP onlineRetail size
	PrePost+	LCMFreq	PrePost	H-Mine	FPGrowth	Eclat	Apriori	Relim
0,01	140,0	140,0	140,0	140,0	140,0	140,0	0,0	140,0
0,009000000000000001	164,0	164,0	164,0	164,0	164,0	164,0	0,0	164,0
0,008	199,0	199,0	199,0	199,0	199,0	199,0	0,0	199,0
0,007000000000000001	244,0	244,0	244,0	244,0	244,0	244,0	0,0	244,0
0,006	294,0	294,0	294,0	294,0	294,0	294,0	0,0	294,0
0,005	394,0	394,0	394,0	394,0	394,0	394,0	0,0	394,0
0,004	540,0	540,0	540,0	540,0	540,0	540,0	0,0	540,0
0,003	806,0	806,0	806,0	806,0	806,0	806,0	0,0	806,0
0,002	1756,0	1756,0	1756,0	1756,0	1756,0	1756,0	0,0	1756,0
0,001	5693,0	5693,0	5693,0	5693,0	5693,0	5693,0	0,0	5693,0




sequence bible size
	PrefixSpan	SPADE	CMSPADE	CMSPAM	LAPIN	SPAM
0,2	37,0	37,0	37,0	37,0	37,0	37,0
0,17500000000000002	52,0	52,0	52,0	52,0	52,0	52,0
0,15000000000000002	74,0	74,0	74,0	74,0	74,0	74,0
0,12500000000000003	112,0	112,0	112,0	112,0	112,0	112,0
0,10000000000000003	173,0	173,0	173,0	173,0	173,0	173,0
0,07500000000000004	318,0	318,0	318,0	318,0	318,0	318,0
0,05000000000000004	774,0	774,0	774,0	774,0	774,0	774,0
0,025000000000000036	3275,0	3281,0	3281,0	3281,0	3281,0	3281,0




sequence leviathan size
	PrefixSpan	SPADE	CMSPADE	CMSPAM	LAPIN	SPAM
0,2	101,0	101,0	101,0	101,0	101,0	101,0
0,17500000000000002	141,0	141,0	141,0	141,0	141,0	141,0
0,15000000000000002	225,0	225,0	225,0	225,0	225,0	225,0
0,12500000000000003	355,0	355,0	355,0	355,0	355,0	355,0
0,10000000000000005	650,0	651,0	651,0	651,0	651,0	651,0
0,07500000000000004	1316,0	1319,0	1319,0	1319,0	1319,0	1319,0
0,05000000000000003	3688,0	3698,0	3698,0	3698,0	3698,0	3698,0
0,025000000000000033	19605,0	19687,0	19687,0	19687,0	19687,0	19687,0




