closedFP kddcup99 time
	FPClose	Charm	LCM	DCIClosed	AprioriClose
0,8	3007,0	805,2	2939,8	3972,4	2274,8
0,775	3129,0	2330,6	5156,8	7985,8	2738,8
0,75	3172,6	4373,0	7908,8	12297,2	3062,2
0,725	3270,6	6368,8	13355,4	21353,6	3635,0
0,7	3270,6	8798,8	17379,2	24872,8	3863,6
0,6749999999999999	3329,6	11008,6	19614,0	28166,2	4544,8
0,6499999999999999	3380,2	13842,0	25251,0	34478,2	5479,0
0,6249999999999999	3378,6	13898,4	25200,8	34429,6	5493,4
0,5999999999999999	3389,8	13962,2	25217,4	34433,2	5499,8
0,5749999999999998	3381,4	15067,4	25852,6	36136,4	5671,4
0,5499999999999998	3442,8	29592,2	41341,0	44188,0	7734,8
0,5249999999999998	3427,4	50673,2	58001,6	58165,4	11648,2




closedFP mushroom time
	FPClose	Charm	LCM	DCIClosed	AprioriClose
0,5	53,6	43,2	80,0	102,2	72,6
0,45	43,0	49,0	97,2	124,2	105,4
0,4	43,2	75,8	130,0	165,8	176,6
0,35000000000000003	45,2	140,2	217,0	237,2	296,8
0,30000000000000004	46,4	231,6	298,4	325,2	649,8
0,25000000000000006	49,2	377,6	484,6	446,8	1270,4
0,2000000000000001	57,6	656,0	908,8	667,6	11285,0
0,15000000000000008	67,4	1204,6	1421,0	954,4	21227,6
0,10000000000000006	105,2	2589,8	2571,0	1543,2	369748,2




closedFP onlineRetail time
	FPClose	Charm	LCM	DCIClosed	AprioriClose
0,01	852,5	2241,0	2979,25	2560,0	11347,75
0,009000000000000001	813,75	2564,75	3306,75	2860,75	14754,75
0,008	817,5	2912,0	3657,5	3128,0	18351,5
0,007	827,75	3423,0	4362,75	3691,25	26578,25
0,006	839,75	4086,5	4925,25	4473,25	35445,0
0,005	851,75	5143,5	5796,5	5075,0	49386,5
0,004	859,75	6569,5	6789,75	6011,75	52889,25
0,0022500000000000003	647,0	6848,0	6300,75	5582,25	84701,75
0,0015	656,25	11276,75	9145,25	7906,5	186402,25
7,5E-4	673,0	23062,5	15049,75	11842,5	498708,25




closedSequence bible time
	CloSpan	CMClaSP	BIDE	ClaSP
0,2	1433,0	1382,0	865,0	1636,0
0,17500000000000002	1211,0	1356,0	834,0	1688,0
0,15000000000000002	1488,0	1391,0	1076,0	2015,0
0,12500000000000003	1986,0	1528,0	1312,0	2677,0
0,10000000000000003	2561,0	1763,0	1690,0	3368,0
0,07500000000000004	3757,0	2271,0	2522,0	4576,0
0,05000000000000004	6763,0	3361,0	4492,0	7707,0
0,025000000000000036	19359,0	7461,0	12647,0	18235,0




closedSequence leviathan time
	CloSpan	CMClaSP	BIDE	ClaSP
0,2	524,8	348,6	224,4	492,4
0,17500000000000002	558,8	370,4	244,6	548,8
0,15000000000000002	740,8	437,0	321,0	677,2
0,12500000000000003	1007,0	539,8	443,2	864,4
0,10000000000000005	1473,0	713,2	664,2	1227,4
0,07500000000000004	2381,4	1039,4	1161,2	1894,2
0,05000000000000003	4888,2	1867,0	2589,2	3396,2
0,025000000000000033	15039,8	5074,8	8980,4	8873,0




FP kddcup99 time
	PrePost+	LCMFreq	PrePost	H-Mine	FPGrowth	Eclat	Apriori	Relim
0,8	2908,8	2991,6	2841,8	2938,2	2947,0	2065,4	1427,4	2952,4
0,775	3083,6	3957,2	3115,6	3782,0	3211,2	4985,0	1446,2	4398,8
0,75	3121,6	4728,6	3125,2	4327,0	3175,4	8157,6	1451,2	5746,4
0,725	3227,6	6324,2	3223,2	5298,4	3271,0	12023,4	1451,6	16112,4
0,7	3231,8	8418,6	3218,8	5900,8	3286,4	15121,8	1447,8	16100,8
0,6749999999999999	3255,4	10306,6	3253,0	9205,0	3325,4	21011,2	1474,6	24049,8
0,6499999999999999	3319,4	12178,6	3323,8	11290,8	3381,2	32116,2	1447,6	51704,6
0,6249999999999999	3342,6	12318,2	3318,2	11359,0	3390,2	32496,2	1452,6	51684,8
0,5999999999999999	3319,6	12192,8	3320,4	10750,4	3402,2	32633,4	1448,8	51750,4
0,5749999999999998	3319,6	13239,0	3315,4	11269,0	3378,2	34478,0	1459,6	51807,2
0,5499999999999998	3350,0	22945,8	3344,0	15476,6	3426,2	58485,4	1445,8	93044,2
0,5249999999999998	3345,8	37421,6	3350,2	21615,2	3408,8	98359,2	1450,0	93003,4




FP mushroom time
	PrePost+	LCMFreq	PrePost	H-Mine	FPGrowth	Eclat	Apriori	Relim
0,5	56,0	88,2	42,2	79,8	46,6	127,4	17,8	236,8
0,45	42,2	129,6	41,0	78,6	40,8	219,6	17,6	1003,4
0,4	43,0	185,8	41,8	103,0	42,6	354,0	17,4	3273,6
0,35000000000000003	43,6	373,6	43,4	153,0	45,2	704,8	17,8	10512,8
0,30000000000000004	47,2	649,0	47,0	257,2	50,4	1487,0	17,2	16321,8
0,25000000000000006	55,0	1194,2	57,2	423,4	58,6	2906,8	16,8	63315,0
0,2000000000000001	166,0	5536,2	163,8	2509,0	185,8	26845,4	18,0	306277,0
0,15000000000000008	272,8	9520,8	273,0	4070,6	309,4	45728,6	17,6	604507,4
0,10000000000000006	1718,8	35327,6	1682,8	15673,4	1867,4	247307,8	17,6	1451211,0




FP onlineRetail time
	PrePost+	LCMFreq	PrePost	H-Mine	FPGrowth	Eclat	Apriori	Relim
0,01	922,4	2935,6	903,4	901,0	801,4	4010,2	319,0	1044,0
0,009000000000000001	873,2	3268,6	870,4	927,6	796,8	4584,4	319,0	1026,2
0,008	884,8	3648,4	887,0	925,8	803,0	5348,4	319,4	1094,2
0,007000000000000001	911,8	4233,0	914,4	943,2	812,4	6478,0	319,6	1149,6
0,006	933,6	4820,0	934,0	967,8	818,8	7648,2	318,8	1214,4
0,005	959,2	5616,8	960,2	995,8	824,4	9700,4	318,2	1304,0
0,004	985,6	6675,2	986,0	1020,2	834,0	12601,8	319,4	1408,8
0,003	1025,8	8282,8	1027,2	1057,6	844,4	17645,0	318,4	1593,4
0,002	1086,8	12083,2	1087,2	1136,6	856,4	34085,8	320,8	2016,4
0,001	1166,8	19394,0	1167,2	1248,4	879,6	96373,8	324,4	2919,0




sequence bible time
	PrefixSpan	SPADE	CMSPADE	CMSPAM	LAPIN	SPAM
0,2	667,0	1109,0	2690,0	1112,0	2424,0	938,0
0,17500000000000002	578,0	956,0	2404,0	898,0	2111,0	992,0
0,15000000000000002	649,0	1046,0	2341,0	1052,0	3037,0	1217,0
0,12500000000000003	723,0	1120,0	2403,0	1266,0	4173,0	1790,0
0,10000000000000003	808,0	1280,0	2440,0	1328,0	5891,0	2296,0
0,07500000000000004	1012,0	1591,0	2550,0	1670,0	8814,0	3300,0
0,05000000000000004	1379,0	2185,0	2790,0	2859,0	17393,0	6522,0
0,025000000000000036	2695,0	4079,0	4312,0	7705,0	47372,0	18989,0




sequence leviathan time
	PrefixSpan	SPADE	CMSPADE	CMSPAM	LAPIN	SPAM
0,2	166,6	252,8	408,0	272,4	714,8	292,8
0,17500000000000002	149,2	260,2	393,8	302,2	887,8	353,0
0,15000000000000002	171,0	285,4	408,0	360,6	1093,2	460,2
0,12500000000000003	201,0	332,2	431,8	449,4	1424,6	623,6
0,10000000000000005	251,6	408,2	466,6	655,2	2212,4	963,2
0,07500000000000004	349,6	563,4	550,0	1072,0	3566,0	1643,4
0,05000000000000003	626,4	922,2	782,2	2208,6	6913,4	3455,0
0,025000000000000033	1749,8	2370,0	2212,0	7752,4	20972,4	11824,6




