26582		178
25345		10
21360		31
18997		178 -> 10
18673		46
15872		178 -> 31
15275		10 -> 10
15272		10 -> 46
14392		178 -> 46
12113		46 -> 10
12025		178 -> 10 -> 10
12016		10 -> 31
11862		31 -> 10
11827		178 -> 10 -> 46
11553		584
10733		178 -> 584
10213		10 -> 46 -> 10
9892		178 -> 10 -> 31
9867		22
9673		178 -> 46 -> 10
9647		8
9351		38
8993		31 -> 31
8813		584 -> 10
8803		178 -> 31 -> 10
8407		10 -> 10 -> 46
8327		10 -> 10 -> 10
8271		178 -> 584 -> 10
8196		31 -> 46
8182		178 -> 10 -> 46 -> 10
8125		46 -> 31
8092		46 -> 46
7620		178 -> 22
7533		178 -> 8
7344		10 -> 31 -> 10
7341		584 -> 31
7288		151
